0 316825.73336065 4158126.71846242
1 316825.240839232 4158126.82924634
2 316824.749297326 4158126.98441528
3 316824.277383201 4158127.22796431
4 316823.832706871 4158127.50421723
5 316823.324475777 4158127.70416116
6 316822.789251812 4158127.88249752
7 316822.299179278 4158128.1042441
8 316821.845668677 4158128.38069208
9 316821.391178587 4158128.61275511
10 316820.946747302 4158128.90010444
11 316820.611022268 4158129.30717295
12 316820.26646289 4158129.71443644
13 316819.868162641 4158130.08958099
14 316819.424955898 4158130.43241164
15 316818.936352896 4158130.72073591
16 316818.482842546 4158130.99718409
17 316817.957187915 4158131.20861455
18 316817.539015124 4158131.48428293
19 316817.067836111 4158131.76112113
20 316816.505129854 4158131.89565782
21 316815.966477866 4158131.91864716
22 316815.436415366 4158131.93034533
23 316814.860221882 4158131.85424839
24 316814.352009603 4158131.654533
25 316813.896068883 4158131.42035907
26 316813.429334635 4158131.09761015
27 316813.015361718 4158130.76259518
28 316812.652435895 4158130.33764041
29 316812.26374158 4158129.94655931
30 316811.831120234 4158129.56754935
31 316811.400702885 4158129.28840563
32 316810.952371857 4158128.99855564
33 316810.402436354 4158128.91077784
34 316809.845380723 4158128.90086878
35 316809.274329771 4158129.05779343
36 316808.746960935 4158129.19155074
37 316808.212716917 4158129.41427305
38 316807.822027049 4158129.73374198
39 316807.441151182 4158130.09740094
40 316807.133154455 4158130.55936632
41 316807.144419805 4158131.06979373
42 316807.480352971 4158131.47314071
43 316807.997172982 4158131.26190456
44 316808.487244993 4158131.04015712
45 316809.013389223 4158130.85091855
46 316809.533637848 4158130.79502996
47 316809.972644672 4158131.06288235
48 316810.291153837 4158131.47771564
49 316809.85482275 4158131.73158186
50 316809.679586482 4158132.20171877
51 316809.270983056 4158132.51048134
52 316808.827776855 4158132.85331258
53 316808.467753514 4158133.36083277
54 316808.014733427 4158133.65947404
55 316807.587726692 4158133.93533791
56 316807.136420961 4158134.31165297
57 316806.64757368 4158134.58888174
58 316806.141547489 4158134.888693
59 316805.650985966 4158135.08824809
60 316805.157975445 4158135.17684073
61 316804.684837801 4158135.36490968
62 316804.115256798 4158135.58841219
63 316803.597702437 4158135.76635986
64 316803.135358466 4158136.0430039
65 316802.700987069 4158136.3856405
66 316802.238888066 4158136.67338084
67 316801.750285984 4158136.96170616
68 316801.277883232 4158137.18306405
69 316800.769898116 4158137.39410566
70 316800.242774834 4158137.53895978
71 316798.162225148 4158135.288968384
72 316799.253552735 4158137.97155445
73 316797.94284560945 4158136.090552588
74 316797.5708114883 4158136.6889433023
75 316797.2684324023 4158137.757939993
76 316797.355580284 4158139.27903418
77 316796.984274426 4158139.67578742
78 316796.675543914 4158140.10446449
79 316796.366568521 4158140.52204532
80 316796.039679514 4158140.9289199
81 316795.677453076 4158141.33657446
82 316795.31547159 4158141.75532529
83 316794.944165944 4158142.15207863
84 316806.77596590715 4158157.673184776
85 316800.3495191999 4158156.516631919
86 316793.820435188 4158143.29814874
87 316793.439560565 4158143.6618084
88 316793.023348525 4158144.02624806
89 316792.589957635 4158144.41327022
90 316792.102091092 4158144.73488488
91 316791.677044803 4158145.0995196
92 316791.251998549 4158145.46415435
93 316790.808548846 4158145.79589036
94 316798.698641086 4158156.9071760536
95 316803.289332283 4158160.8190617855
96 316795.9111542682 4158154.13584654
97 316800.6125143335 4158157.691182957
98 316788.607500024 4158147.38760332
99 316788.102699863 4158147.74289698
100 316787.623423116 4158148.05322067
101 316792.1198616248 4158154.219528607
102 316786.655790441 4158148.6629669
103 316797.01782107993 4158161.311589888
104 316785.760302339 4158149.33773073
105 316785.34262134 4158149.6355933
106 316784.907271657 4158149.9338459
107 316784.471677074 4158150.22100227
108 316784.045161807 4158150.51905991
109 316783.636315283 4158150.81672757
110 316783.227958653 4158151.13658775
111 316782.77494041 4158151.43523048
112 316782.296643803 4158151.78993949
113 316781.916994745 4158152.20908096
114 316781.563603855 4158152.61654118
115 316781.237450867 4158153.05670514
116 316780.875960501 4158153.49764915
117 316780.550542395 4158153.97110189
118 316780.197641523 4158154.40075467
119 316779.772106374 4158154.74319754
120 316779.337981845 4158155.0969317
121 316778.912446765 4158155.43937462
122 316778.460163729 4158155.77130635
123 316777.972053445 4158156.08182564
124 316777.502591661 4158156.43633995
125 316777.050063792 4158156.7571755
126 316775.945770029 4158156.78155202
127 316774.39605191 4158157.44855561
128 316773.096439025 4158157.03317784
129 316772.004425125 4158156.81304737
130 316771.2098235 4158156.85279142
131 316770.619162941 4158156.52167889
132 316770.008123047 4158156.46855768
133 316769.399287703 4158156.51530276
134 316768.628739575 4158156.44349952
135 316768.020639092 4158156.52353345
136 316767.402969404 4158156.57047369
137 316766.742352743 4158156.67387035
138 316766.296699974 4158156.90574149
139 316765.778657734 4158157.0614991
140 316765.221342902 4158157.44015685
141 316764.622321818 4158157.53109226
142 316764.018140775 4158157.78866648
143 316763.527826471 4158157.99932041
144 316763.103027032 4158158.37505292
145 316762.639200064 4158158.98478182
146 316762.521872411 4158159.67567469
147 316762.402340133 4158160.26670131
148 316762.183425413 4158160.760007
149 316761.975794684 4158161.36408015
150 316761.69773419 4158161.98080979
151 316761.44495196 4158162.54147311
152 316761.192904657 4158163.13542518
153 316760.98208955 4158163.59524713
154 316760.614705932 4158164.16954211
155 316760.288799473 4158164.6208032
156 316759.916271692 4158164.96207698
157 316759.491227822 4158165.32671344
158 316759.055389921 4158165.60277497
159 316758.601883367 4158165.87922659
160 316758.103715203 4158166.13446089
161 316757.632295058 4158166.40020637
162 316757.179278528 4158166.69885057
163 316756.479880389 4158167.04734073
164 316756.036678155 4158167.39017496
