302454.916987539	4123701.728155740
302455.228802396	4123702.153802810
302455.560188095	4123702.656704590
302455.846171770	4123703.116266110
302456.270182499	4123703.406046710
302456.574692476	4123703.898478810
302456.879985791	4123704.424199030
302456.990106172	4123704.954512280
302457.234082334	4123705.514982030
302457.476491728	4123706.008875580
302457.729600448	4123706.580232610
302458.026805479	4123707.139449750
302458.324010473	4123707.698666900
302458.630086922	4123708.257675290
302458.944773703	4123708.805378880
302459.224757846	4123709.387205680
302459.423854059	4123709.926527270
302459.664957615	4123710.364940690
302459.971556130	4123710.946141200
302460.204049262	4123711.395859440
302460.482205409	4123711.900014010
302460.864208181	4123712.290703000
302461.091746528	4123712.907070570
302461.486537488	4123713.463991360
302461.828099485	4123714.022164780
302462.152701822	4123714.614043860
302462.430596640	4123715.107102460
302462.725712163	4123715.577551450
302463.030743601	4123716.092175840
302463.345168720	4123716.628783540
302463.687252711	4123717.209149100
302464.029597772	4123717.800610710
302464.364115766	4123718.436665240
302464.851015562	4123719.135746990
302465.129954545	4123719.673189810
302465.410460179	4123720.277208860
302465.698270573	4123720.814442940
302465.968076865	4123721.340998510
302466.238144237	4123721.878650140
302466.525693419	4123722.404788200
302466.803848866	4123722.908942960
302467.082004283	4123723.413097740
302467.433481468	4123724.015446740
302467.712159036	4123724.541793610
302467.997880271	4123724.990259460
302468.230633749	4123725.451073930
302468.480607927	4123725.889278820
302468.813036428	4123726.436565210
302469.136854527	4123726.995156420
302469.504507720	4123727.530511760
302469.839024964	4123728.166566490
302470.173019945	4123728.780429150
302470.423516151	4123729.240826160
302470.682883799	4123729.701014410
302470.932857739	4123730.139219360
302471.165349826	4123730.588937870
302471.451592905	4123731.059595900
302471.755056675	4123731.507644350
302471.961195392	4123731.969085200
302472.203603269	4123732.462979120
302472.289719121	4123733.104879170
302472.676159223	4123733.684201260
302472.982233891	4123734.243210120
302473.313617387	4123734.746112530
302473.600904637	4123735.261154770
302473.906718089	4123735.809067620
302474.194527477	4123736.346301960
302474.491208293	4123736.883327550
302474.778495407	4123737.398369830
302475.487179824	4123738.092233230
302475.783338300	4123738.607066790
302476.051315758	4123739.055950400
302476.329992352	4123739.582297520
302476.546046513	4123740.087913850
302476.834116705	4123740.636244310
302477.139668675	4123741.173061230
302477.400863329	4123741.710921920
302477.706154129	4123742.236642820
302477.993701984	4123742.762781240
302478.272639450	4123743.300224450
302478.542966528	4123743.848972460
302478.779113252	4123744.454035670
302479.166074630	4123745.055550100
302479.407437370	4123745.505060060
302479.687419056	4123746.086887470
302479.994537249	4123746.690280690
302480.301655402	4123747.293673940
302480.607990224	4123747.863779080
302480.913802818	4123748.411692150
302481.201350288	4123748.937830670
302481.470110450	4123749.420002540
302481.720344407	4123749.869303810
302482.031378749	4123750.639137660
302482.481478389	4123750.906101140
302482.652652526	4123751.390569280
302482.850702072	4123751.885507220
302483.111112799	4123752.390079960
302483.397093456	4123752.849642320
302483.683335176	4123753.320300730
302483.977403940	4123753.746366250
302484.255035251	4123754.228329460
302484.632080026	4123754.785668720
302484.931370512	4123755.433655010
302485.190997748	4123755.904939700
302485.470456558	4123756.464575200
302485.712863036	4123756.958469460
302485.983711432	4123757.529409760
302486.264214499	4123758.133429430
302486.515231238	4123758.616018940
302486.803039141	4123759.153253660
302487.083281017	4123759.746177310
302487.399791861	4123760.371554110
302487.785446527	4123760.917588720
302488.390792788	4123760.992162510
302488.858373462	4123761.247612790
302488.532491193	4123762.110148550
302488.830997900	4123762.724846850
302489.136287312	4123763.250568120
302489.448881605	4123763.709504440
302489.761998036	4123764.190632840
302490.039367626	4123764.661500180
302490.372315528	4123765.230979420
302490.686215107	4123765.745395960
302490.972194944	4123766.204958560
302491.295488049	4123766.741358460
302491.589747610	4123767.262642360
302491.884007170	4123767.783926260
302492.178266731	4123768.305210160
302492.472526291	4123768.826494060
302492.766785852	4123769.347777960
302493.061045412	4123769.869061860
302493.355304973	4123770.390345760
302493.649564533	4123770.911629660
302493.943824093	4123771.432913560
302494.238083654	4123771.954197460
302494.532343214	4123772.475481360
302494.826602775	4123772.996765260
302495.120862335	4123773.518049160
302495.415121896	4123774.039333060
302495.709381456	4123774.560616960
302496.003641017	4123775.081900860
302496.297900577	4123775.603184760
302496.592160138	4123776.124468660
302496.886419698	4123776.645752560
302497.180679259	4123777.167036460
302497.474938819	4123777.688320360
302497.769198380	4123778.209604260
302498.063457940	4123778.730888160
302498.357717501	4123779.252172060
302498.651977061	4123779.773455970
302498.946236622	4123780.294739870
302499.162810702	4123780.822548790
302499.380167982	4123781.383645820
302499.553690321	4123781.967978590
302499.718602303	4123782.563616140
302499.874120707	4123783.137270340
302500.010329833	4123783.644765790
302500.158021086	4123784.263012870
302500.286403065	4123784.815101200
302500.380343688	4123785.412408600
302500.473501083	4123785.976427900
302500.548393509	4123786.518672580
302500.569796415	4123787.051073610
302500.565107251	4123787.606292900
302500.552329901	4123788.195009040
302500.520504384	4123788.728662460
302500.452671110	4123789.240958730
302500.368139332	4123789.798056600
302500.257776580	4123790.389068790
302500.136192780	4123790.880425370
302499.989039087	4123791.416792300
302499.788657006	4123791.954411630
302499.577837106	4123792.425663470
302499.333098079	4123792.964326470
302499.077660157	4123793.425525950
302498.993128537	4123793.982623850
302498.692550446	4123794.411578900
302498.374229592	4123794.840951430
302498.047298449	4123795.281628740
302497.703146702	4123795.744915610
302497.375171320	4123796.141208810
302496.968658792	4123796.594860820
302496.542575963	4123796.971258060
302496.133452724	4123797.313949750
302495.670840065	4123797.646797830
302495.234058385	4123797.945731620
302494.788144260	4123798.233778140
302494.332836605	4123798.499841350
302493.815951383	4123798.789557820
302493.360904870	4123799.066717120
302492.862284669	4123799.378208250
302492.337050324	4123799.690325630
302491.785201837	4123800.003069270
302491.216393862	4123800.349518540
302490.760825341	4123800.604485910
302490.270554539	4123800.893576390
302489.762540987	4123801.183084390
302489.245917166	4123801.483897190
302488.720683078	4123801.796014810
302488.186316547	4123802.097245170
302487.643078662	4123802.398684320
302487.099318630	4123802.677931420
302486.599654492	4123802.945038800
302486.126082370	4123803.189327890
302485.547620158	4123803.502698200
302485.012731652	4123803.781736700
302484.504457348	4123804.060148990
302483.961219713	4123804.361588380
302483.505390517	4123804.605460130
302483.032340765	4123804.871941470
302482.532676879	4123805.139049100
302482.042145508	4123805.417044050
302481.569356946	4123805.694621520
302481.087697026	4123805.972407770
302480.597165748	4123806.250402810
302480.071410057	4123806.540328920
302479.519823549	4123806.864169440
302478.959104592	4123807.177122720
302478.389514289	4123807.490284790
302477.784699590	4123807.815377960
302477.153270779	4123808.141097450
302476.522103122	4123808.477913030
302475.890674407	4123808.803632610
302475.312474044	4123809.128099700
302474.865516724	4123809.371763180
302474.410210264	4123809.637827520
302473.919679409	4123809.915822960
302473.482115773	4123810.181469830
302473.018460238	4123810.469935090
302472.519841426	4123810.781427490
302472.065579563	4123811.091876110
302471.603229691	4123811.435821640
302471.132530703	4123811.802168030
302470.627651802	4123812.224829690
302470.167129857	4123812.646447570
302469.723828487	4123813.045455870
302469.290443006	4123813.488639570
302468.867234537	4123813.987094730
302468.453941968	4123814.529725300
302468.041693927	4123815.116740040
302467.657365675	4123815.758608690
302467.299129376	4123816.377658990
302466.993860272	4123816.984360660
302466.723293358	4123817.556939150
302466.523436365	4123818.116751480
302466.367936275	4123818.675519970
302466.229917836	4123819.222774890
302466.092421661	4123819.792221890
302465.983106355	4123820.427618820
302465.927019302	4123821.061763130
302465.933815228	4123821.727734180
302465.957048290	4123822.337807500
302466.024115962	4123822.924644900
302466.090661383	4123823.489290230
302466.174166173	4123824.020229900
302466.265758959	4123824.517672690
302466.357873979	4123825.037307560
302466.486518947	4123825.600491510
302466.652477214	4123826.240512660
302466.853920924	4123826.879698730
302467.072585096	4123827.496275200
302467.298815003	4123828.057162710
302467.550875614	4123828.584135810
302467.802413958	4123829.088916840
302468.035948427	4123829.583019380
302468.295574720	4123830.054303540
302468.564333467	4123830.536474990
302468.869099868	4123831.040003450
302469.192392311	4123831.576402500
302469.525861664	4123832.168072990
302469.877334810	4123832.770422000
302470.246811744	4123833.383449540
302470.589674551	4123833.997103380
302470.932798428	4123834.621853270
302471.257396196	4123835.213732580
302471.545725149	4123835.773158850
302471.824660480	4123836.310601810
302472.084808609	4123836.804078160
302472.335040895	4123837.253379120
302472.640851311	4123837.801291860
302472.919264286	4123838.316542780
302473.178628956	4123838.776731040
302473.465913223	4123839.291773210
302473.726583401	4123839.807441680
302473.968205283	4123840.268047490
302474.227830954	4123840.739331810
302474.487456599	4123841.210616150
302474.783350951	4123841.714353560
302475.051064553	4123842.152141040
302475.310167891	4123842.601233320
302475.578925884	4123843.083404970
302475.820808693	4123843.555106860
302476.097915758	4123844.014877680
302476.384416360	4123844.496631830
302476.652390909	4123844.945515390
302476.939674778	4123845.460557670
302477.253833759	4123845.986069720
302477.540073126	4123846.456727870
302477.808308666	4123846.916707500
302478.067933943	4123847.387991940
302478.318426741	4123847.848389100
302478.568658406	4123848.297690230
302478.846809609	4123848.801845280
302479.116611651	4123849.328401180
302479.349100552	4123849.778119840
302479.627512771	4123850.293370960
302479.924189849	4123850.830396650
302480.220083576	4123851.334134240
302480.488318832	4123851.794113950
302480.782123657	4123852.209083250
302481.157337123	4123852.688750000
302481.539333056	4123853.079439710
302481.928633672	4123853.403344450
302482.389166055	4123853.736675220
302482.929018226	4123854.045935170
302483.413292428	4123854.256583320
302483.976886427	4123854.443160670
302484.468465313	4123854.587023900
302484.959783080	4123854.719791120
302485.459188869	4123854.819061500
302485.966421589	4123854.873739020
302486.525576827	4123854.871683880
302487.136654594	4123854.812896100
302487.631621716	4123854.723533970
302488.240088545	4123854.553785890
302488.821419202	4123854.362472030
302489.366220163	4123854.127609030
302489.918587026	4123853.837057130
302490.479303080	4123853.524104460
302490.996445761	4123853.245483650
302491.451750204	4123852.979420120
302491.977764287	4123852.700590630
302492.529870239	4123852.398942880
302493.029531465	4123852.131835730
302493.529192721	4123851.864728610
302494.029637269	4123851.630909630
302494.521210506	4123851.397299430
302494.968427072	4123851.164732950
302495.486875462	4123850.941592620
302495.987581198	4123850.718869800
302496.496897216	4123850.484842240
302496.979338158	4123850.240344880
302497.522834178	4123849.950002250
302498.013624356	4123849.683104140
302498.495282142	4123849.405318760
302499.020774503	4123849.104297660
302499.467469146	4123848.849539360
302499.957737288	4123848.560449300
302500.386428224	4123848.295012480
302500.929924481	4123848.004670070
302501.429064061	4123847.715371370
302501.937597169	4123847.448056040
302502.384553059	4123847.204393930
302502.893086227	4123846.937078660
302503.401619426	4123846.669763430
302503.909891582	4123846.391352180
302504.382939468	4123846.124871930
302504.837983621	4123845.847713120
302505.284939675	4123845.604051180
302505.810693572	4123845.314126560
302506.265998884	4123845.048063870
302506.782881503	4123844.758348050
302507.247058219	4123844.492076690
302507.746198212	4123844.202778380
302508.262819863	4123843.901966610
302508.735868017	4123843.635486610
302509.182302160	4123843.369632810
302509.620387116	4123843.126179840
302510.075692660	4123842.860117360
302510.592314472	4123842.559305750
302511.047359011	4123842.282147290
302511.590072809	4123841.958517500
302512.062860110	4123841.680941660
302512.518426867	4123841.425975370
302513.061401835	4123841.113441710
302513.622119539	4123840.800490650
302514.077425329	4123840.534428410
302514.541341437	4123840.257061440
302515.101798192	4123839.933014450
302515.636424110	4123839.642881760
302516.144436014	4123839.353375260
302516.687933354	4123839.063033920
302517.144544604	4123838.852452040
302517.688042009	4123838.562110770
302518.154046770	4123838.373512300
302518.716853261	4123838.149329900
302519.192512576	4123837.993810890
302519.695047014	4123837.848761800
302520.250809582	4123837.702460480
302520.860844484	4123837.599291070
302521.373294520	4123837.498417520
302522.046734157	4123837.449267410
302522.667728826	4123837.434657710
302523.298116941	4123837.442031430
302523.955380157	4123837.459875110
302524.462613514	4123837.514554980
302524.987850612	4123837.579913500
302525.513870831	4123837.678560170
302526.004666673	4123837.789137730
302526.603223936	4123837.952691030
302527.167339937	4123838.161463350
302527.732239030	4123838.403523810
302528.307836725	4123838.723047860
302528.740448607	4123839.001527060
302529.281343938	4123839.355174100
302529.787014862	4123839.720752010
302530.266332733	4123840.098052100
302530.736779211	4123840.475560920
302531.189743987	4123840.864583200
302531.634620484	4123841.287102310
302532.079496934	4123841.709621440
302532.506369612	4123842.121461960
302532.880536238	4123842.556746770
302533.237221169	4123843.003545020
302533.576946473	4123843.484048800
302533.934675466	4123843.975231220
302534.202124772	4123844.401924420
302534.487838807	4123844.850392310
302534.783729320	4123845.354131690
302535.097884549	4123845.879645760
302535.438914802	4123846.415629790
302535.761680266	4123846.929839150
302536.075052289	4123847.422065140
302536.352155821	4123847.881837810
302536.602384274	4123848.331140550
302536.917322381	4123848.889942790
302537.195469943	4123849.394099630
302537.455613768	4123849.887577840
302537.715757565	4123850.381056050
302537.976162361	4123850.885630310
302538.263442168	4123851.400674530
302538.569769756	4123851.970781560
302538.884707613	4123852.529583870
302539.125803446	4123852.967999320
302539.367160283	4123853.417510820
302539.617388430	4123853.866813630
302539.868138606	4123854.338308530
302540.128021113	4123854.820690770
302540.405385234	4123855.291559600
302540.683271376	4123855.784620510
302540.970289845	4123856.288568780
302541.275311969	4123856.803195710
302541.580856108	4123857.340014730
302541.886400210	4123857.876833750
302542.192205297	4123858.424748820
302542.488355950	4123858.939584480
302542.757370536	4123859.432854150
302542.998988040	4123859.893461780
302543.296182687	4123860.452681610
302543.574329533	4123860.956838650
302543.824818280	4123861.417237610
302544.094615783	4123861.943795420
302544.381111820	4123862.425551720
302544.659780586	4123862.951900860
302544.910008200	4123863.401203810
302545.169629156	4123863.872490160
302545.410724375	4123864.310905770
302545.678955581	4123864.770887410
302545.994153563	4123865.340785990
302546.280649388	4123865.822542350
302546.567406201	4123866.315394750
302546.835637286	4123866.775376420
302547.085864684	4123867.224679430
302547.372360390	4123867.706435820
302547.660161152	4123868.243672400
302547.955789129	4123868.736316160
302548.197667133	4123869.208019960
302548.439806129	4123869.690819800
302548.746132446	4123870.260927160
302549.051675677	4123870.797746420
302549.348086540	4123871.323678330
302549.654151728	4123871.882689680
302549.922121472	4123872.331575410
302550.217227159	4123872.802027160
302550.513115859	4123873.305767040
302550.817875836	4123873.809298240
302551.131768107	4123874.323716820
302551.445921353	4123874.849231430
302551.751464264	4123875.386050780
302552.066139461	4123875.933757490
302552.390468965	4123876.514543650
302552.705666108	4123877.084442450
302553.038083804	4123877.631731840
302553.362152172	4123878.201421990
302553.668477886	4123878.771529510
302553.975064570	4123879.352733070
302554.272257889	4123879.911953260
302554.569451171	4123880.471173440
302554.839247474	4123880.997731560
302555.081646805	4123881.491627610
302555.331873379	4123881.940930840
302555.628805519	4123882.489055030
302555.925215609	4123883.014987150
302556.194228733	4123883.508257200
302556.499249049	4123884.022884630
302556.823316967	4123884.592574900
302557.101201296	4123885.085636290
302557.424225111	4123885.610942440
302557.729245285	4123886.125569900
302558.033221401	4123886.595813230
302558.292318983	4123887.044907870
302558.615864666	4123887.592406130
302558.929755999	4123888.106824960
302559.271566207	4123888.676097970
302559.548667261	4123889.135871330
302559.825507284	4123889.584548660
302560.066862098	4123890.034060690
302560.364576688	4123890.615473140
302560.661769235	4123891.174693520
302560.941741163	4123891.756523330
302561.183095863	4123892.206035380
302561.442976129	4123892.688418220
302561.730775247	4123893.225655230
302562.027967623	4123893.784875650
302562.307156380	4123894.333417390
302562.549554944	4123894.827313630
302562.791170481	4123895.287921770
302563.106105301	4123895.846724890
302563.393121222	4123896.350673840
302563.689269397	4123896.865510170
302563.948105398	4123897.303508920
302564.252080803	4123897.773752460
302564.565971453	4123898.288171480
302564.861075506	4123898.758623700
302565.138436956	4123899.229493260
302565.398316805	4123899.711876200
302565.658196626	4123900.194259150
302565.908422145	4123900.643562660
302566.158647640	4123901.092866180
302566.399740832	4123901.531282340
302566.714675207	4123902.090085580
302567.002734703	4123902.638418790
302567.272790607	4123903.176073300
302567.569721315	4123903.724197860
302567.867434968	4123904.305610550
302568.117921257	4123904.766010160
302568.350925956	4123905.237923140
302568.574798359	4123905.698948750
302568.798409747	4123906.148878330
302569.059072178	4123906.664549480
302569.319734577	4123907.180220640
302569.560827452	4123907.618636880
302569.802703278	4123908.090341230
302570.053450354	4123908.561836930
302570.331855193	4123909.077090790
302570.646528068	4123909.624798130
302570.952590621	4123910.183810170
302571.275873701	4123910.720212830
302571.608549994	4123911.278598910
302571.893738016	4123911.704875870
302572.197973498	4123912.186215690
302572.556219536	4123912.699591680
302572.951255553	4123913.267613230
302573.373688291	4123913.868296920
302573.685228962	4123914.282851920
302574.015034115	4123914.719181680
302574.362581771	4123915.155094140
302574.701258123	4123915.591215260
302575.039673458	4123916.016240370
302575.368434536	4123916.408186030
302575.697195585	4123916.800131710
302576.153808103	4123917.344500720
302576.609898596	4123917.866677680
302577.047463556	4123918.355983860
302577.440150181	4123918.824141270
302577.823704517	4123919.281411310
302578.217434984	4123919.793952900
302578.638040172	4123920.316964580
302579.022638302	4123920.818618820
302579.397843166	4123921.298289650
302579.746173226	4123921.767490420
302580.075716810	4123922.192724370
302580.443877149	4123922.750276160
302580.794033943	4123923.297149230
302581.071132802	4123923.756923230
302581.339621351	4123924.228001920
302581.681689708	4123924.808371790
302581.949917216	4123925.268354460
302582.208751485	4123925.706353730
302582.458714475	4123926.144561650
302582.700328136	4123926.605170290
302583.006389341	4123927.164182730
302583.312189532	4123927.712099150
302583.573372443	4123928.249962780
302583.844992425	4123928.854193990
302584.052686780	4123929.382213490
302584.234811255	4123929.955243090
302584.372057503	4123930.507123860
302584.482689982	4123931.059630570
302584.548705226	4123931.602084490
302584.605588240	4123932.133651030
302584.610287653	4123932.710853600
302584.578719152	4123933.255602650
302584.528625239	4123933.767480890
302584.473313731	4123934.434912290
302584.449572603	4123934.935068550
302584.472797458	4123935.545141940
302584.529680472	4123936.076708470
302584.577170288	4123936.586291580
302584.680497313	4123937.205583170
302584.827397621	4123937.790543410
302584.983952078	4123938.408583120
302585.156683156	4123938.959629300
302585.336458639	4123939.432794590
302585.544152697	4123939.960814120
302585.760978944	4123940.499721050
302585.977022247	4123941.005339870
302586.183411368	4123941.477879220
302586.381451174	4123941.972819310
302586.606887593	4123942.500421570
302586.805449299	4123943.017553740
302587.013143193	4123943.545573300
302587.229969271	4123944.084480260
302587.475496806	4123944.711529580
302587.703020866	4123945.327900160
302587.902104394	4123945.867224430
302588.099883045	4123946.351068510
302588.316708995	4123946.889975500
302588.461521174	4123947.386167490
302588.669736818	4123947.936379170
302588.868559266	4123948.464607410
302589.040246055	4123948.971269520
302589.239590400	4123949.521689850
302589.395883416	4123950.128633590
302589.560525704	4123950.713176610
302589.715513835	4123951.264640170
302589.852498524	4123951.805424980
302589.999398302	4123952.390385300
302590.145254187	4123952.930961470
302590.290849087	4123953.460441600
302590.446359073	4123954.034097250
302590.618828586	4123954.574047500
302590.782426856	4123955.114206390
302590.973682653	4123955.698123510
302591.154762364	4123956.226769090
302591.308967416	4123956.744944560
302591.463694388	4123957.285312110
302591.600417932	4123957.815000910
302591.774975049	4123958.443719470
302591.948227312	4123959.016957860
302592.084950805	4123959.546646660
302592.248809877	4123960.097901620
302592.375879221	4123960.594510960
302592.548609477	4123961.145557280
302592.747431437	4123961.673785600
302592.945470474	4123962.168725820
302593.198563554	4123962.740086460
302593.460527816	4123963.311238470
302593.730841332	4123963.859989770
302594.010286996	4123964.419628480
302594.252421017	4123964.902429490
302594.503948154	4123965.407213940
302594.764868404	4123965.933981840
302595.043792012	4123966.471428500
302595.322193662	4123966.986683100
302595.601117204	4123967.524129780
302595.906915310	4123968.072046590
302596.177489498	4123968.631893990
302596.448063652	4123969.191741410
302596.710027526	4123969.762893510
302596.981384498	4123970.356029050
302597.235259981	4123970.960677910
302597.489135429	4123971.565326780
302597.743532764	4123972.192167720
302598.007323192	4123972.840992120
302598.253632132	4123973.501329830
302598.500201995	4123974.172763580
302598.719636296	4123974.822631170
302598.929938403	4123975.461611360
302599.105016632	4123976.112522130
302599.253220272	4123976.752962780
302599.374810292	4123977.394029330
302599.478396937	4123978.024417110
302599.555369972	4123978.655430790
302599.632342999	4123979.286444480
302599.700444821	4123979.917666800
302599.759153522	4123980.526905680
302599.816557426	4123981.080664380
302599.864568212	4123981.612439640
302599.897185229	4123982.244496500
302599.919887217	4123982.832377840
302599.940762495	4123983.342586930
302599.979902080	4123983.874570820
302599.992167123	4123984.396084580
302600.013303361	4123984.917389700
302600.036005348	4123985.505271050
302600.068622363	4123986.137327910
302600.090541476	4123986.691921150
302600.113504424	4123987.290898530
302600.154992627	4123987.922746770
302600.186043888	4123988.488227410
302600.215790356	4123988.998227860
302600.248146408	4123989.619188690
302600.269282645	4123990.140493820
302600.290940798	4123990.683991020
302600.312859912	4123991.238584260
302600.343911170	4123991.804064900
302600.356437181	4123992.336674700
302600.352264658	4123992.914085920
302600.357485240	4123993.513480580
302600.361140074	4123994.046299020
302600.383059193	4123994.600892260
302600.395063295	4123995.111309980
302600.407067399	4123995.621727710
302600.431335150	4123996.276185290
302600.452471395	4123996.797490420
302600.466041255	4123997.374484380
302600.479089198	4123997.929286260
302600.484570760	4123998.539776960
302600.498662543	4123999.138962990
302600.477791536	4123999.761175630
302600.429263169	4124000.339630030
302600.397433328	4124000.873283000
302600.367691169	4124001.495704280
302600.327512087	4124002.051757970
302600.304814403	4124002.596298350
302600.266201093	4124003.218928270
302600.251591717	4124003.729971910
302600.246375437	4124004.262998990
302600.243768760	4124004.906986440
302600.240901126	4124005.539877860
302600.246121788	4124006.139272530
302600.269084794	4124006.738249930
302600.292047799	4124007.337227330
302600.312923127	4124007.847436440
302600.344496341	4124008.435109170
302600.392246131	4124008.955788400
302600.430602830	4124009.454484190
302600.487223781	4124009.974954790
302600.528190076	4124010.584610970
302600.585071979	4124011.116177610
302600.660218128	4124011.669519050
302600.735886189	4124012.245052570
302600.829818489	4124012.842360900
302600.877307288	4124013.351944110
302600.951409572	4124013.860901400
302601.018728363	4124014.458835640
302601.104050432	4124015.067448640
302601.199026531	4124015.709141130
302601.281738987	4124016.206793760
302601.394457384	4124016.848068980
302601.497782694	4124017.467360760
302601.610762025	4124018.119732020
302601.658250776	4124018.629315220
302601.697651242	4124019.172395180
302601.719831314	4124019.738084470
302601.769146769	4124020.325339950
302601.836726451	4124020.934370230
302601.885519981	4124021.499433620
302601.942140827	4124022.019904240
302602.037116828	4124022.661596730
302602.113045721	4124023.248226310
302602.215588062	4124023.834229980
302602.319174228	4124024.464617810
302602.401886577	4124024.962270450
302602.485381794	4124025.493211200
302602.561049688	4124026.068744740
302602.627846427	4124026.644486920
302602.694382201	4124027.209133060
302602.770311034	4124027.795762630
302602.836846797	4124028.360408770
302602.928691201	4124028.868948820
302603.011664452	4124029.377697510
302603.085505592	4124029.875558790
302603.171349367	4124030.506363890
302603.247800073	4124031.115185550
302603.324511731	4124031.735103250
302603.409833565	4124032.343716280
302603.466454301	4124032.864186910
302603.523596948	4124033.406849610
302603.607874932	4124033.971078490
302603.656146428	4124034.513949820
302603.712506188	4124035.023324410
302603.770953607	4124035.621467300
302603.801743772	4124036.175851940
302603.841405077	4124036.730027950
302603.874021944	4124037.362084860
302603.887069833	4124037.916886760
302603.899073893	4124038.427304510
302603.904816397	4124039.048891280
302603.909776030	4124039.637189930
302603.931434103	4124040.180687170
302603.953092176	4124040.724184410
302603.965357200	4124041.245698200
302603.969012052	4124041.778516660
302604.007629518	4124042.288308520
302604.011284372	4124042.821126980
302604.050162795	4124043.342014880
302604.088519299	4124043.840710700
302604.146966684	4124044.438853600
302604.197064852	4124045.059397210
302604.228376927	4124045.635973930
302604.231509868	4124046.146600320
302604.236208559	4124046.723802940
302604.212989081	4124047.246151270
302604.130020349	4124047.869824370
302604.036092840	4124048.404937790
302603.933816136	4124048.962451930
302603.805447994	4124049.542784050
302603.659859543	4124050.145725510
302603.505921911	4124050.771067680
302603.369465593	4124051.384896560
302603.241880421	4124051.998516800
302603.087942866	4124052.623858990
302602.933744378	4124053.238105140
302602.752671594	4124053.841881160
302602.589341080	4124054.445239920
302602.399658197	4124055.060320630
302602.211280154	4124055.730881530
302602.032295187	4124056.423425880
302601.853832176	4124057.138162320
302601.666759050	4124057.864203430
302601.537086438	4124058.389055400
302601.407413846	4124058.913907390
302601.278002235	4124059.449855410
302601.139980494	4124059.997108110
302600.993348624	4124060.555665490
302600.837845663	4124061.114431500
302600.664600504	4124061.673614800
302600.491616334	4124062.243894140
302600.327242336	4124062.802868810
302600.172000439	4124063.372730880
302600.025890642	4124063.953480360
302599.880041833	4124064.545325880
302599.743064156	4124065.136962770
302599.623828718	4124065.728182390
302599.504854266	4124066.330498040
302599.385879834	4124066.932813700
302599.240814040	4124067.557947360
302599.121839653	4124068.160263030
302598.994255148	4124068.773883370
302598.849189426	4124069.399017040
302598.721604968	4124070.012637390
302598.585149430	4124070.626466390
302598.466958054	4124071.262070190
302598.348766702	4124071.897673990
302598.221704271	4124072.533486430
302598.094641863	4124073.169298880
302597.976711546	4124073.815998730
302597.867391382	4124074.451393900
302597.757549299	4124075.064597000
302597.656317364	4124075.666495420
302597.580915830	4124076.234479800
302597.514124436	4124076.791159510
302597.455682211	4124077.325438500
302597.405589151	4124077.837316780
302597.364106225	4124078.337890370
302597.309839547	4124079.049705980
302597.281403254	4124079.727607560
302597.243312967	4124080.372429660
302597.222703903	4124081.005738440
302597.210443997	4124081.616646500
302597.197662155	4124082.205362490
302597.194012379	4124082.804965870
302597.188796785	4124083.337993030
302597.183320223	4124083.859924140
302597.195846812	4124084.392534010
302597.184630817	4124085.047826230
302597.164021799	4124085.681135020
302597.151500964	4124086.280947040
302597.147851218	4124086.880550430
302597.144201477	4124087.480153820
302597.149422826	4124088.079548570
302597.154383205	4124088.667847280
302597.149428621	4124089.211970470
302597.145778895	4124089.811573860
302597.140563347	4124090.344601020
302597.144740826	4124090.899611610
302597.149440251	4124091.476814280
302597.153095793	4124092.009632800
302597.165361446	4124092.531146640
302597.187089509	4124092.977074620
302597.150544715	4124093.334898240
302597.109373746	4124093.772897840
302597.120526078	4124094.347596820
302597.132530728	4124094.858014620
302597.153928397	4124095.390415850
302597.211332312	4124095.944174600
302597.225163757	4124096.532264670
302597.238473263	4124097.098162670
302597.252565683	4124097.697348780
302597.275268206	4124098.285230210
302597.289882570	4124098.906608400
302597.293277127	4124099.428330880
302597.279973426	4124099.994854810
302597.285716727	4124100.616441640
302597.290938089	4124101.215836400
302597.295376541	4124101.781943040
302597.298771111	4124102.303665520
302597.296687240	4124102.969845150
302597.294342403	4124103.624928750
302597.300868639	4124104.279803700
302597.307394877	4124104.934678660
302597.313660147	4124105.578457580
302597.311315327	4124106.233541180
302597.316445848	4124106.733488870
302597.310708408	4124107.244323960
302597.315492914	4124107.777351120
302597.353057243	4124108.332987650
302597.358885645	4124108.910398980
302597.444538131	4124109.432538750
302597.413753359	4124110.010576000
302597.491056738	4124110.555116500
302597.568882068	4124111.121849070
302597.573842526	4124111.710147800
302597.553233699	4124112.343456600
302597.698184539	4124113.021984140
302597.643396363	4124113.711607720
302597.605567397	4124114.367525890
302597.666694550	4124114.979059910
302597.644780907	4124115.556888530
302597.604864187	4124116.124038400
302597.573035611	4124116.657691500
302597.558427204	4124117.168735240
302597.517205641	4124117.680404910
302597.470244713	4124118.325435690
302597.403714880	4124118.893211490
302597.345273189	4124119.427490520
302597.251608281	4124119.973700170
302597.107065854	4124120.621026030
302596.960174685	4124121.168487550
302596.769450246	4124121.739184360
302596.570376736	4124122.332281900
302596.327469970	4124122.948614750
302596.040468984	4124123.577086860
302595.825157738	4124123.959246160
302595.500584924	4124124.499784620
302595.292710330	4124124.995521640
302594.583791859	4124125.446874510
302594.191571594	4124125.853425950
302593.821599801	4124126.350623540
302593.432581063	4124126.792758250
302592.843562368	4124127.234892980
302592.366877216	4124127.723498380
302591.850723520	4124128.144067030
302591.316044834	4124128.531764870
302590.798325320	4124128.885757330
302590.552687798	4124129.184895550
302589.824531403	4124129.472520470
302589.046089321	4124129.785884560
302588.555835708	4124130.074970100
302587.967217729	4124130.333062730
302587.384008309	4124130.544267400
302586.900276937	4124130.733280010
302586.289671477	4124130.911822580
302585.769673019	4124131.068381760
302585.239759577	4124131.180765470
302584.700714117	4124131.282261820
302584.187759801	4124131.360940160
302583.683676532	4124131.439409880
302583.065052745	4124131.553880300
302582.427120930	4124131.602191850
302581.824934268	4124131.660764850
302581.284844884	4124131.717877270
302580.780500656	4124131.785251120
302580.240150287	4124131.831267570
302579.628570612	4124131.867857310
302579.061346134	4124131.903403780
302578.519429777	4124131.882844100
302577.987428454	4124131.906459950
302577.401678900	4124131.909135740
302576.825844387	4124131.955987060
302576.293060060	4124131.946314900
302575.724269568	4124131.915285350
302575.190702222	4124131.872325140
302574.648263828	4124131.829573630
302574.123306501	4124131.775308770
302573.624440269	4124131.698225870
302572.999813438	4124131.557488110
302572.391884634	4124131.371948910
302571.853880084	4124131.140356220
302571.307004463	4124130.908972240
302570.580880936	4124130.604089430
302570.060618364	4124130.372079520
302569.567229895	4124130.150539650
302569.082712439	4124129.928791140
302568.616198053	4124129.717721350
302568.149422629	4124129.495555540
302567.654989999	4124129.229631620
302567.143076266	4124128.975221120
302566.622552474	4124128.732115370
302566.058717498	4124128.534437190
302565.451049310	4124128.359994510
302564.826422060	4124128.219257350
302564.158744660	4124128.135043830
302563.474369232	4124128.095631880
302562.772773747	4124128.078829420
302562.115533472	4124128.060983620
302561.494560429	4124128.075591280
302560.935423669	4124128.077642160
302560.412032102	4124128.089954390
302559.782449038	4124128.115866890
302559.223312272	4124128.117917890
302558.717140742	4124128.107620780
302558.166613990	4124128.098367130
302557.580603059	4124128.089948250
302557.003202141	4124128.070224680
302556.416669145	4124128.039613800
302555.830397173	4124128.020099010
302555.199247916	4124127.979435610
302554.692554294	4124127.946946660
302554.167596518	4124127.892683040
302553.652031838	4124127.860402840
302553.003140461	4124127.820156980
302552.398604294	4124127.778867730
302551.892432708	4124127.768571030
302551.323641738	4124127.737543120
302550.763721807	4124127.706306560
302550.186059781	4124127.675487420
302549.572652532	4124127.634407060
302548.960028388	4124127.626614860
302548.356536324	4124127.629710050
302547.752783218	4124127.621709240
302547.167033239	4124127.624387130
302546.572151170	4124127.616177720
302545.959004925	4124127.586193650
302545.301764491	4124127.568349170
302544.599907784	4124127.540452190
302543.888918978	4124127.501667930
302543.187062253	4124127.473771060
302542.520167607	4124127.422847370
302542.133009515	4124127.404993370
302541.745851423	4124127.387139370
302541.358693331	4124127.369285370
302540.971535238	4124127.351431370
302540.584377146	4124127.333577370
302540.197219054	4124127.315723370
302539.810060962	4124127.297869380
302539.422902870	4124127.280015380
302539.035744778	4124127.262161380
302538.648586686	4124127.244307380
302538.261428593	4124127.226453380
302537.874270501	4124127.208599380
302537.487112409	4124127.190745380
302537.099954317	4124127.172891390
302536.603693077	4124126.829296970
302536.160658074	4124126.484450320
302535.770849313	4124126.138351460
302535.289980547	4124125.694475320
302534.870686950	4124125.226946170
302534.460003300	4124124.748112290
302534.092891674	4124124.234946750
302533.779006301	4124123.720528970
302533.482340874	4124123.183501690
302533.194285404	4124122.635169670
302532.951368332	4124122.119082230
302532.734803326	4124121.591272620
302532.528153586	4124121.107638460
302532.074284099	4124120.302306330
302531.620414612	4124119.496974200
302531.412981584	4124118.980051950
302531.285126965	4124118.450155250
302531.139530222	4124117.920675970
302531.020546632	4124117.390570560
302530.901824091	4124116.871561190
302530.781274111	4124116.274879540
302530.688642596	4124115.733051950
302530.594966827	4124115.146840200
302530.529209533	4124114.615482520
302530.461624803	4124114.006452550
302530.414392803	4124113.507965560
302530.375248675	4124112.975981740
302530.342887117	4124112.355020880
302530.330878295	4124111.844603000
302530.327479475	4124111.322880370
302530.320947922	4124110.668005240
302530.315982742	4124110.079706360
302530.312322868	4124109.546887690
302530.307096632	4124108.947492770
302530.303958886	4124108.436866190
302530.298993716	4124107.848567310
302530.310726439	4124107.215466840
302530.296107026	4124106.594088560
302530.307056575	4124105.927699970
302530.294264594	4124105.383993980
302530.290604744	4124104.851175310
302530.286422775	4124104.296164560
302530.281979748	4124103.730057770
302530.277797785	4124103.175047020
302530.265266874	4124102.642437060
302530.258996430	4124101.998657990
302530.262902366	4124101.410150410
302530.277245742	4124100.888010350
302530.308287029	4124100.321068710
302530.339328324	4124099.754127070
302530.363064913	4124099.253970390
302530.350011903	4124098.699168360
302530.346091031	4124098.155253660
302530.369044453	4124097.621808850
302530.410001096	4124097.099042670
302530.442086669	4124096.576485200
302530.481476968	4124095.987142770
302530.528433057	4124095.342111430
302530.549298038	4124094.719898300
302530.569901965	4124094.086589140
302530.581373760	4124093.442392650
302530.595717213	4124092.920252610
302530.601189588	4124092.398321270
302530.597529824	4124091.865502620
302530.593870064	4124091.332683960
302530.590210305	4124090.799865300
302530.595421634	4124090.266837930
302530.600632967	4124089.733810560
302530.596451099	4124089.178799820
302530.600879261	4124088.612484330
302530.613917455	4124088.034864090
302530.617562450	4124087.435260480
302530.629817478	4124086.824352120
302530.641550395	4124086.191251670
302530.602388516	4124085.683163960
302530.631341534	4124085.027454020
302530.654817225	4124084.516201320
302530.666550191	4124083.883100880
302530.697069580	4124083.293967180
302530.610107849	4124082.716346940
302530.606187111	4124082.172432250
302530.627313310	4124081.561315190
302530.666964878	4124080.983068820
302530.670871017	4124080.394561260
302530.683648255	4124079.805844990
302530.604774481	4124079.194727920
302530.642337621	4124078.527713240
302530.666074435	4124078.027556580
302530.689289140	4124077.505207840
302530.617981208	4124076.838401870
302530.632063769	4124076.305165800
302530.663105364	4124075.738224190
302530.653407628	4124074.999972910
302530.671662228	4124074.266799400
302530.689916828	4124073.533625900
302530.712348362	4124072.977989040
302530.726953027	4124072.466945060
302530.748079285	4124071.855828000
302530.770510837	4124071.300191140
302530.793986624	4124070.788938450
302530.824245065	4124070.188708720
302530.845893465	4124069.599783740
302530.858670764	4124069.011067480
302530.846662144	4124068.500649630
302530.843524633	4124067.990023070
302530.840387125	4124067.479396510
302530.827073225	4124066.913498460
302530.821847266	4124066.314103580
302530.807750200	4124065.714917410
302530.803046361	4124065.137714610
302530.797820411	4124064.538319730
302530.783984408	4124063.950229610
302530.771192633	4124063.406523640
302530.749790803	4124062.874122430
302530.727083689	4124062.286241010
302530.693939122	4124061.631992070
302530.660272441	4124060.955551040
302530.648263840	4124060.445133200
302530.623729333	4124059.779579500
302530.628940857	4124059.246552160
302530.642501390	4124058.691124030
302530.646407640	4124058.102616480
302530.658662901	4124057.491708150
302530.680572457	4124056.913879220
302530.694655123	4124056.380643170
302530.709259905	4124055.869599200
302530.721254133	4124055.247594830
302530.717072457	4124054.692584110
302530.711063392	4124054.059901120
302530.715491789	4124053.493585670
302530.729835539	4124052.971445660
302530.761399430	4124052.426696150
302530.783831147	4124051.871059310
302530.805479705	4124051.282134350
302530.828172491	4124050.737593550
302530.863386430	4124049.970714540
302530.836241429	4124049.194200450
302530.866500087	4124048.593970750
302530.914239957	4124047.982227580
302530.946848128	4124047.481862240
302530.978412085	4124046.937112730
302530.965359340	4124046.382310740
302530.997445418	4124045.859753320
302531.046229550	4124045.292394320
302531.074921933	4124044.625588380
302531.131271945	4124044.002540470
302531.154225868	4124043.469095720
302531.184745660	4124042.879962070
302531.199350568	4124042.368918110
302531.204301182	4124041.824794740
302531.218383991	4124041.291558700
302531.205331285	4124040.736756710
302531.201410773	4124040.192842050
302531.198273424	4124039.682215510
302531.210528872	4124039.071307200
302531.215479506	4124038.527183830
302531.198511004	4124037.805941250
302531.201634271	4124037.184145610
302531.196408508	4124036.584750750
302531.191965909	4124036.018644020
302531.186479097	4124035.408153130
302531.171337985	4124034.764582820
302531.164545913	4124034.098611730
302531.170279738	4124033.587776490
302531.167142421	4124033.077149960
302531.172354145	4124032.544122640
302531.177565873	4124032.011095310
302531.173123297	4124031.444988580
302531.168419672	4124030.867785810
302531.181458345	4124030.290165630
302531.175710513	4124029.668578700
302531.169440579	4124029.024799690
302531.163692753	4124028.403212770
302531.149334833	4124027.792930590
302531.162112475	4124027.204214370
302531.184544434	4124026.648577550
302531.190017252	4124026.126646280
302531.201228593	4124025.471353820
302531.213484151	4124024.860445510
302531.226261822	4124024.271729290
302531.228863078	4124023.627741580
302531.251817176	4124023.094296850
302531.256506863	4124022.539077460
302531.279722025	4124022.016728770
302531.270058463	4124021.228701260
302531.290924166	4124020.606488210
302531.312311980	4124020.006467250
302531.369706545	4124019.427803530
302531.418491012	4124018.860444560
302531.476146649	4124018.292876890
302531.559632628	4124017.691394970
302531.704955704	4124017.077356060
302531.851061961	4124016.496605270
302532.023781729	4124015.915228370
302532.172237490	4124015.434341940
302532.347045713	4124014.941733360
302532.521592909	4124014.438028750
302532.696401176	4124013.945420170
302532.897561915	4124013.441089450
302533.125336181	4124012.936132610
302533.370591761	4124012.419662330
302533.616891567	4124011.947576220
302533.872845714	4124011.508569520
302534.232904482	4124010.967194030
302534.584875271	4124010.459315370
302534.945978321	4124009.962324070
302535.333172831	4124009.442514590
302535.756374166	4124008.944062400
302536.102345461	4124008.558448950
302536.475452390	4124008.194401490
302536.944837022	4124007.772578130
302537.423353917	4124007.361642130
302537.919874246	4124006.961384810
302538.460750486	4124006.560084010
302538.906132199	4124006.249847260
302539.526588054	4124005.835572200
302539.991017389	4124005.580398310
302540.447358693	4124005.358721260
302541.018242172	4124005.101043050
302541.563295273	4124004.877279080
302542.125568676	4124004.630905690
302542.724109920	4124004.416985670
302543.341176646	4124004.235936420
302543.923802832	4124004.100106150
302544.480337575	4124003.987094070
302545.019391011	4124003.885595470
302545.531308870	4124003.762530890
302546.123850415	4124003.670876240
302546.680646237	4124003.568960360
302547.247096336	4124003.500123930
302547.875644671	4124003.429826720
302548.610386098	4124003.345929240
302549.115521069	4124003.311841890
302549.647791623	4124003.299320590
302550.153448650	4124003.287425370
302550.747817434	4124003.273443320
302551.271738858	4124003.283322880
302551.822273808	4124003.292576410
302552.381940953	4124003.312717340
302552.941086048	4124003.310666220
302553.535454823	4124003.296684370
302554.049983015	4124003.284580710
302554.600256929	4124003.282738390
302555.159663036	4124003.291783460
302555.780906352	4124003.288271750
302556.411020839	4124003.284551410
302556.987908271	4124003.282083200
302557.493826296	4124003.281284470
302558.062103564	4124003.290121060
302558.656733340	4124003.287235600
302559.259712261	4124003.261949440
302559.845470858	4124003.259272750
302560.493849706	4124003.277327440
302561.089001495	4124003.296634230
302561.755122682	4124003.314271670
302562.279305057	4124003.335247950
302562.830100954	4124003.355598250
302563.407249362	4124003.364226510
302563.949174075	4124003.384785550
302564.588420702	4124003.391953190
302565.174179268	4124003.389276880
302565.688968431	4124003.388269970
302566.230632121	4124003.397733120
302566.816390680	4124003.395056910
302567.357532358	4124003.382328060
302567.898935038	4124003.380695270
302568.484954592	4124003.389115230
302568.991133569	4124003.399413220
302569.550800592	4124003.419555290
302570.074721910	4124003.429436020
302570.634388924	4124003.449578160
302571.140306887	4124003.448780250
302571.673360367	4124003.469548450
302572.205630853	4124003.457028580
302572.764775859	4124003.454978780
302573.324181858	4124003.464025060
302573.830621799	4124003.485419390
302574.398898965	4124003.494257070
302574.958043959	4124003.492207420
302575.597029522	4124003.488279860
302576.191659210	4124003.485395650
302576.706187333	4124003.473293380
302577.264810340	4124003.449051810
302577.770467288	4124003.437158260
302578.400320681	4124003.422343530
302579.118363842	4124003.383250200
302579.765698595	4124003.356922230
302580.296925123	4124003.300018710
302580.792144988	4124003.221757770
302581.393557970	4124003.129896970
302581.888255883	4124003.029444020
302582.444530063	4124002.905338450
302582.929573875	4124002.771806100
302583.431055142	4124002.582376290
302583.905661921	4124002.382476430
302584.458543422	4124002.114122500
302584.940194568	4124001.836341780
302585.383751248	4124001.448435310
302585.800433461	4124001.050058770
302586.146407275	4124000.664447500
302586.491337210	4124000.234452080
302586.809653650	4123999.805082630
302587.074221098	4123999.354773010
302587.320785241	4123998.893784650
302587.531342743	4123998.411438830
302587.733290068	4123997.940397690
302587.958719255	4123997.335578160
302588.175538271	4123996.742063320
302588.348523361	4123996.171783800
302588.494894931	4123995.602130230
302588.632656316	4123995.043781350
302588.752675354	4123994.485849760
302588.845819886	4123993.917448080
302588.903218721	4123993.338784940
302588.925393799	4123992.772052430
302588.895646637	4123992.262051990
302588.890425244	4123991.662657300
302588.885986774	4123991.096550730
302588.872155173	4123990.508460730
302588.867977683	4123989.953450200
302588.836403708	4123989.365777490
302588.815527735	4123988.855568400
302588.792563976	4123988.256591010
302588.760207078	4123987.635630190
302588.736460399	4123987.003364690
302588.720801992	4123986.337602430
302588.706448453	4123985.727320360
302588.689746157	4123985.017173950
302588.676697489	4123984.462372070
302588.644862540	4123983.863603330
302588.593980333	4123983.209771690
302588.555100998	4123982.688883860
302588.506567545	4123982.134916570
302588.476037457	4123981.591628020
302588.437419090	4123981.081836220
302588.387058816	4123980.450196670
302588.328610259	4123979.852053870
302588.271205591	4123979.298295220
302588.223455041	4123978.777616040
302588.156918191	4123978.212970000
302588.100818378	4123977.714691540
302588.016539114	4123977.150462800
302587.931215947	4123976.541849910
302587.811451854	4123975.978455750
302587.754047149	4123975.424697110
302587.706296565	4123974.904017930
302587.646804061	4123974.261490990
302587.562002804	4123973.675070180
302587.505381001	4123973.154599650
302587.408054887	4123972.413042960
302587.342039918	4123971.870589000
302587.256716683	4123971.261976120
302587.162000281	4123970.631379810
302587.068588741	4123970.056263680
302586.957695745	4123969.492660890
302586.783921341	4123968.897230520
302586.708774137	4123968.343889180
302586.615884503	4123967.790965140
302586.506296335	4123967.282842540
302586.378704754	4123966.764041200
302586.241980972	4123966.234352470
302586.095864012	4123965.682680320
302585.948703134	4123965.086624020
302585.765796402	4123964.480306280
302585.582367696	4123963.851796470
302585.389284822	4123963.190207200
302585.206117043	4123962.572793430
302585.014860952	4123961.988876420
302584.833780938	4123961.460230960
302584.653483835	4123960.964873620
302584.420610824	4123960.309771310
302584.187737812	4123959.654669000
302584.095630896	4123959.135033090
302583.921334181	4123958.517410690
302583.624145218	4123957.958189600
302583.479071899	4123957.450901630
302583.258853126	4123956.767746280
302583.077772916	4123956.239100850
302582.683518207	4123954.949419170
302582.510787200	4123954.398373030
302582.357364501	4123953.913485810
302582.116012452	4123953.463973220
302581.925538930	4123952.913344390
302581.707407780	4123952.318957370
302581.536503530	4123951.845583500
302581.347595821	4123951.361530910
302581.158166134	4123950.855286240
302580.958560291	4123950.293770050
302580.767825657	4123949.732045200
302580.586223213	4123949.181207740
302580.432017388	4123948.663032440
302580.234238328	4123948.179188520
302580.062811964	4123947.683622610
302579.891646566	4123947.199152730
302579.702999661	4123946.726196210
302579.514352739	4123946.253239690
302579.316312597	4123945.758299750
302579.109140215	4123945.252472430
302578.919710283	4123944.746227810
302578.721148112	4123944.229095810
302578.523368868	4123943.745251930
302578.278362594	4123943.140394910
302578.043532446	4123942.590809430
302577.818356462	4123942.074303420
302577.593441436	4123941.568893440
302577.358611207	4123941.019307990
302577.086730076	4123940.403980930
302576.897560922	4123939.908832390
302576.617069470	4123939.304810040
302576.419550997	4123938.832062240
302576.204290017	4123938.359731750
302575.979113826	4123937.843225780
302575.744544392	4123937.304736400
302575.528761369	4123936.810213850
302575.257401965	4123936.217078930
302575.013439227	4123935.656606150
302574.779652643	4123935.151404900
302574.536733799	4123934.635316280
302574.284160715	4123934.086148210
302574.004973856	4123933.537606130
302573.715871758	4123932.944888570
302573.483389977	4123932.495167540
302573.258735468	4123932.000853700
302573.025209684	4123931.506748530
302572.782290643	4123930.990659960
302572.529978343	4123930.452587970
302572.285754294	4123929.881019230
302572.016482400	4123929.376652690
302571.818441495	4123928.881712910
302571.564563133	4123928.277064730
302571.303118440	4123927.728105400
302571.069592439	4123927.234000280
302570.818323903	4123926.740312490
302570.566272362	4123926.213336600
302570.295695300	4123925.653489920
302570.015463968	4123925.060563810
302569.818205842	4123924.598912180
302569.593550941	4123924.104598430
302569.369418003	4123923.632476770
302569.107190063	4123923.050229390
302568.847050044	4123922.556750320
302568.558730245	4123921.997321020
302568.326247930	4123921.547600120
302568.020185542	4123920.988588170
302567.714384112	4123920.440672270
302567.436501414	4123919.947610560
302567.159140679	4123919.476740950
302566.898478456	4123918.961069850
302566.657385710	4123918.522653690
302566.406116691	4123918.028966020
302566.126928860	4123917.480424170
302565.829998461	4123916.932299670
302565.550810562	4123916.383757830
302565.290409156	4123915.879182820
302565.079584034	4123915.595485220
302564.804267882	4123915.107315160
302564.524265425	4123914.621815900
302564.245149561	4123914.135809330
302563.971458164	4123913.646748500
302563.681732711	4123913.166970460
302563.401130349	4123912.681810690
302563.121617008	4123912.196085540
302562.831334236	4123911.716577260
302562.548613803	4123911.232668960
302562.304883379	4123910.727993960
302562.073586652	4123910.217501070
302561.844499539	4123909.705998860
302561.603978821	4123909.199786690
302561.354380291	4123908.697974880
302561.105970927	4123908.195580260
302560.856684699	4123907.693617890
302560.605302636	4123907.192703040
302560.347396983	4123906.695112000
302560.079747274	4123906.202697640
302559.818425942	4123905.706893380
302559.549965953	4123905.214912840
302559.272367493	4123904.728032110
302559.004277601	4123904.235856750
302558.732525726	4123903.745711520
302558.472081031	4123903.249439870
302558.208170164	4123902.754999360
302557.942599734	4123902.261535930
302557.666156873	4123901.774011670
302557.405729082	4123901.277683320
302557.142027694	4123900.783153590
302556.872493074	4123900.267691450
302556.600667762	4123899.747744690
302556.309115252	4123899.238556570
302556.020858992	4123898.727520730
302555.732634975	4123898.216469620
302555.439630685	4123897.708162760
302555.158192704	4123897.193324770
302554.867559436	4123896.683619860
302554.581490029	4123896.171354540
302554.286479438	4123895.664168700
302553.991546741	4123895.156950870
302553.687970405	4123894.654862610
302553.405537795	4123894.140563430
302553.124736355	4123893.625369600
302552.859715225	4123893.101964530
302552.603516362	4123892.574198800
302552.336130880	4123892.052097860
302552.094121731	4123891.517562950
302551.837312400	4123890.990152380
302551.606102141	4123890.450743650
302551.360823976	4123889.917789980
302551.111337966	4123889.386753830
302550.871585954	4123888.851220730
302550.631914217	4123888.315669410
302550.396578135	4123887.778168190
302550.142045711	4123887.249483610
302549.906019753	4123886.712481770
302549.671833224	4123886.174408440
302549.456239697	4123885.628857420
302549.241043115	4123885.082990180
302549.011090582	4123884.543196180
302548.810054207	4123884.031109000
302548.594268479	4123883.536587060
302548.368306337	4123882.986793630
302548.162174919	4123882.525351120
302547.973003034	4123882.030203140
302547.736864422	4123881.425138220
302547.492898548	4123880.864666140
302547.240061339	4123880.304402750
302546.995834386	4123879.732834640
302546.724732463	4123879.150796560
302546.622762831	4123878.579645830
302546.406454811	4123878.062931870
302546.172404147	4123877.546635290
302545.974882778	4123877.073888110
302545.740832065	4123876.557591540
302545.533917300	4123876.062860980
302545.271164433	4123875.458422190
302545.046768016	4123874.975205060
302544.766533483	4123874.382279690
302544.505346650	4123873.844417130
302544.263468548	4123873.372713430
302544.011936040	4123872.867930310
302543.769274817	4123872.362938510
302543.544617221	4123871.868625380
302543.292301560	4123871.330554170
302543.013371919	4123870.793109040
302542.698173906	4123870.223210560
302542.419505220	4123869.696861480
302542.141097528	4123869.181608440
302541.880693465	4123868.677034070
302541.610634978	4123868.139380290
302541.295958835	4123867.591673930
302541.027988490	4123867.142788460
302540.751146796	4123866.694111690
302540.427077175	4123866.124421980
302540.112661914	4123865.587811700
302539.807378967	4123865.062088770
302539.574698930	4123864.503703820
302539.242018850	4123863.945318890
302538.956044610	4123863.485754830
302538.679724751	4123863.059270190
302538.374441626	4123862.533547320
302538.131779804	4123862.028555660
302537.870592214	4123861.490693300
302537.591139878	4123860.931056250
302537.330735315	4123860.426482010
302537.051543944	4123859.877941020
302536.762959147	4123859.307416660
302536.474374314	4123858.736892300
302536.184745317	4123858.121983810
302535.961131079	4123857.672055010
302535.737516817	4123857.222126210
302535.495898838	4123856.761518770
302535.181482948	4123856.224908660
302534.903857516	4123855.742943950
302534.598573922	4123855.217221200
302534.356694796	4123854.745517750
302534.078547205	4123854.241361000
302533.810054023	4123853.770283660
302533.568696887	4123853.320772310
302533.173916667	4123852.763848480
302532.853500554	4123852.349503550
302532.594139621	4123851.889313590
302532.370264012	4123851.428288830
302532.074373531	4123850.924549530
302531.741953513	4123850.377260900
302531.473982165	4123849.928375710
302531.196095301	4123849.435315070
302530.918469442	4123848.953350480
302530.685983372	4123848.503630510
302530.380438241	4123847.966811850
302530.093940952	4123847.485055990
302529.771697226	4123846.993038910
302529.503203600	4123846.521961700
302529.222600390	4123846.011283880
302528.941997190	4123845.500606050
302528.661393980	4123844.989928230
302528.380790780	4123844.479250400
302528.100187580	4123843.968572580
302527.819584370	4123843.457894750
302527.538981170	4123842.947216930
302527.258377970	4123842.436539100
302526.977774760	4123841.925861280
302526.697171560	4123841.415183450
302526.416568360	4123840.904505630
302526.135965150	4123840.393827800
302525.855361950	4123839.883149980
302525.574758740	4123839.372472150
302525.294155540	4123838.861794330
302525.013552340	4123838.351116500
302524.732949130	4123837.840438680
302524.452345930	4123837.329760850
302524.171742730	4123836.819083030
302523.891139520	4123836.308405200
302523.610536320	4123835.797727380
302523.329933120	4123835.287049550
302523.049329910	4123834.776371730
302522.768726710	4123834.265693900
302522.488123500	4123833.755016080
302522.207520300	4123833.244338260
302521.926917100	4123832.733660430
302521.622154049	4123832.230130170
302521.361486711	4123831.714460330
302521.092470082	4123831.221191290
302520.822931324	4123830.705730170
302520.544521176	4123830.190477780
302520.256717534	4123829.653242040
302519.941255569	4123829.072248290
302519.616922202	4123828.491463260
302519.274062913	4123827.877807560
302518.949468406	4123827.285926520
302518.625134909	4123826.705141530
302518.328459676	4123826.168114550
302518.050310296	4123825.663958270
302517.781293305	4123825.170689320
302517.531063231	4123824.721387100
302517.225516499	4123824.184568870
302516.956238364	4123823.680203910
302516.705747152	4123823.219805670
302516.437513178	4123822.759824870
302516.168496011	4123822.266555960
302515.898695647	4123821.739998950
302515.592887660	4123821.192084740
302515.342396308	4123820.731686540
302515.065029763	4123820.260818460
302514.787402129	4123819.778854340
302514.491248552	4123819.264019560
302514.195094940	4123818.749184790
302513.935471017	4123818.277899310
302513.694111931	4123817.828388470
302513.406046424	4123817.280056900
302513.146161358	4123816.797675390
302512.886276266	4123816.315293900
302512.626652205	4123815.844008450
302512.367028116	4123815.372723010
302512.060958636	4123814.813712880
302511.746278800	4123814.266007520
302511.459518364	4123813.773156180
302511.209026594	4123813.312758090
302510.921221852	4123812.775522630
302510.633678137	4123812.249383220
302510.337524071	4123811.734548570
302510.078421868	4123811.285455260
302509.809926132	4123810.814378610
302509.541952494	4123810.365494050
302509.226750221	4123809.795596690
302508.921202481	4123809.258778740
302508.642529919	4123808.732430660
302508.372989774	4123808.216969910
302508.094317148	4123807.690621840
302507.852696420	4123807.230015120
302507.592549700	4123806.736537730
302507.323792631	4123806.254365120
302507.073039373	4123805.782871100
302506.758097849	4123805.224069860
302506.434284897	4123804.665477370
302506.147262793	4123804.161530160
302505.842236812	4123803.646904380
302505.554953574	4123803.131861160
302505.268453507	4123802.650106050
302504.999696191	4123802.167933500
302504.749725902	4123801.729727660
302504.480446392	4123801.225363050
302504.201773321	4123800.699015100
302503.932232680	4123800.183554470
302503.662953078	4123799.679189890
302503.384540982	4123799.163938000
302503.078731459	4123798.616024200
302502.781532222	4123798.056805650
302502.475461554	4123797.497795830
302502.160780522	4123796.950090780
302501.854970850	4123796.402177020
302501.595606704	4123795.941987910
302501.317716518	4123795.448928160
302501.040087375	4123794.966964460
302500.781245292	4123794.528967450
302500.485090072	4123794.014133110
302500.180585566	4123793.521699590
302499.875297802	4123792.995977960
302499.633937332	4123792.546467480
302499.318472727	4123791.965474430
302499.030666589	4123791.428239330
302498.779651406	4123790.945649490
302498.546640076	4123790.473738230
302498.272812467	4123789.991685200
302497.998984858	4123789.509632170
302497.725157250	4123789.027579140
302497.451329641	4123788.545526110
302497.177502032	4123788.063473080
302496.903674423	4123787.581420050
302496.629846814	4123787.099367030
302496.356019206	4123786.617314000
302496.082191597	4123786.135260970
302495.808363988	4123785.653207940
302495.534536379	4123785.171154910
302495.260708771	4123784.689101880
302494.986881162	4123784.207048850
302494.713053553	4123783.724995830
302494.426552278	4123783.243241060
302494.176058780	4123782.782843420
302493.934958831	4123782.344429120
302493.656023475	4123781.806985450
302493.386742744	4123781.302621160
302493.116939818	4123780.776064810
302492.810867957	4123780.217055300
302492.542370380	4123779.745979150
302492.255607777	4123779.253128400
302491.968584060	4123778.749181630
302491.663817477	4123778.245652350
302491.377315862	4123777.763897670
302491.091336385	4123777.304335070
302490.813967212	4123776.833467710
302490.536859094	4123776.373696390
302490.268100196	4123775.891524260
302489.981598429	4123775.409769620
302489.694835546	4123774.916918960
302489.371542602	4123774.380519120
302489.030245690	4123773.833440740
302488.696775808	4123773.241769490
302488.381570903	4123772.671872840
302488.226573746	4123772.120410890
302487.974774178	4123771.604533230
302487.741500695	4123771.121526200
302487.434905992	4123770.540324800
302487.137704852	4123769.981106740
302486.840503675	4123769.421888680
302486.525559609	4123768.863088130
302486.247928843	4123768.381124860
302485.933245793	4123767.833420360
302485.618040523	4123767.263523800
302485.294224875	4123766.704932030
302484.960493391	4123766.102164880
302484.618151524	4123765.510702510
302484.257283471	4123764.886369550
302483.887805031	4123764.273341380
302483.544940834	4123763.659686980
302483.148847995	4123763.047285090
302482.770497968	4123762.434465710
302482.400497132	4123761.799245530
302482.048239114	4123761.163607860
302481.695458855	4123760.505778140
302481.342678544	4123759.847948420
302481.101577350	4123759.409534460
302480.860476133	4123758.971120490
302480.627724136	4123758.510305710
302480.386361774	4123758.060795730
302480.153870827	4123757.611076990
302479.920857661	4123757.139166200
302479.688105569	4123756.678351440
302479.445959816	4123756.195553370
302479.221818018	4123755.723433830
302478.979933316	4123755.251731810
302478.738048586	4123754.780029790
302478.478420947	4123754.308745290
302478.218793281	4123753.837460790
302477.950033045	4123753.355289010
302477.681272780	4123752.873117240
302477.412773586	4123752.402041520
302477.135402919	4123751.931174560
302476.849160777	4123751.460516360
302476.554047160	4123750.990066920
302476.267543855	4123750.508312710
302475.980779417	4123750.015462460
302475.702364191	4123749.500211390
302475.423948931	4123748.984960340
302475.136923295	4123748.481014080
302474.840503970	4123747.955084510
302474.544084609	4123747.429154960
302474.256536666	4123746.903016650
302473.950984682	4123746.366199840
302473.654304111	4123745.829174270
302473.348490950	4123745.281261440
302473.051549201	4123744.733139860
302472.737125618	4123744.196531840
302472.449316357	4123743.659297550
302472.152635608	4123743.122272040
302471.846822261	4123742.574359250
302471.541531092	4123742.048638550
302471.218496974	4123741.523335380
302470.913205732	4123740.997614690
302470.617047019	4123740.482781300
302470.321149381	4123739.979043950
302470.033862059	4123739.464001810
302469.737442136	4123738.938072410
302469.441022176	4123738.412143010
302469.135991833	4123737.897518430
302468.848704376	4123737.382476330
302468.561155775	4123736.856338200
302468.273868251	4123736.341296110
302467.986580694	4123735.826254040
302467.716774918	4123735.299698410
302467.428965071	4123734.762464280
302467.150287766	4123734.236117430
302466.862738964	4123733.709979350
302466.575451242	4123733.194937320
302466.288424600	4123732.690991330
302466.019140859	4123732.186627830
302465.767861135	4123731.692942830
302465.507709916	4123731.199466610
302465.247036438	4123730.683798320
302464.977752578	4123730.179434850
302464.699336105	4123729.664184110
302464.420919598	4123729.148933380
302464.151896762	4123728.655665960
302463.865130955	4123728.162816080
302463.586975472	4123727.658661410
302463.309081073	4123727.165602780
302463.031708879	4123726.694736240
302462.754336655	4123726.223869700
302462.467831811	4123725.742115910
302462.190459529	4123725.271249390
302461.913087216	4123724.800382880
302461.644847468	4123724.340403640
302461.384695809	4123723.846927530
302461.134198957	4123723.386530770
302460.901445032	4123722.925716480
302460.668429961	4123722.453806160
302460.417933034	4123721.993409420
302460.167174960	4123721.521916640
302459.916155737	4123721.039327840
302459.656526132	4123720.568043860
302459.378631297	4123720.074985350
302459.109346789	4123719.570622040
302458.822058169	4123719.055580240
302458.553034722	4123718.562312990
302458.301493086	4123718.057532150
302458.041863309	4123717.586248210
302457.791366111	4123717.125851540
302457.532519651	4123716.687855720
302457.162776254	4123716.063732570
302456.811036898	4123715.450287920
302456.486956450	4123714.880601110
302456.172269695	4123714.332897610
302455.867237766	4123713.818273460
302455.571599539	4123713.325632610
302455.294487634	4123712.865862330
302455.017636826	4123712.417188100
302454.758267840	4123711.957000280
302454.499159954	4123711.507908510
302454.193344448	4123710.959996300
302453.943107994	4123710.510695770
302453.656079914	4123710.006750170
302453.323910961	4123709.470560350
302453.009484951	4123708.933953000
302452.704452654	4123708.419328940
302452.417946695	4123707.937575450
302452.149183692	4123707.455404420
302451.835279801	4123706.940989170
302451.547468094	4123706.403755530
302451.251045988	4123705.877826710
302450.964539870	4123705.396073260
302450.705170471	4123704.935885560
302450.391005275	4123704.410374320
302450.095627567	4123703.928829690
302449.819298483	4123703.502347680
302449.524704113	4123703.054091170