316825.707592131	4158126.75233604	
316825.707592131	4158126.75233604	
316825.707592131	4158126.75233604	
316825.698757751	4158126.752531	
316825.698757751	4158126.752531	
316825.699002625	4158126.76362725	
316825.699002625	4158126.76362725	
316825.699002625	4158126.76362725	
316825.690168244	4158126.7638222	
316825.690168244	4158126.7638222	
316825.690168244	4158126.7638222	
316825.690168244	4158126.7638222	
316825.681333865	4158126.76401716	
316825.681578739	4158126.77511341	
316825.672744359	4158126.77530837	
316825.672744359	4158126.77530837	
316825.672744359	4158126.77530837	
316825.663909978	4158126.77550333	
316825.663909978	4158126.77550333	
316825.663909978	4158126.77550333	
316825.663909978	4158126.77550333	
316825.655075599	4158126.77569829	
316825.655075599	4158126.77569829	
316825.655075599	4158126.77569829	
316825.655075599	4158126.77569829	
316825.646241218	4158126.77589324	
316825.646241218	4158126.77589324	
316825.646486092	4158126.78698949	
316825.637651712	4158126.78718445	
316825.619982952	4158126.78757437	
316825.593724686	4158126.79925549	
316825.549552786	4158126.80023028	
316825.523049645	4158126.80081516	
316825.479122619	4158126.8128862	
316825.452619479	4158126.81347108	
316825.417281958	4158126.81425091	
316825.381944439	4158126.81503075	
316825.346851793	4158126.82690683	
316825.294090387	4158126.83917283	
316825.240839232	4158126.82924634	
316825.188077827	4158126.84151234	
316825.134826672	4158126.83158585	
316825.0999789	4158126.85455818	
316825.056051875	4158126.86662922	
316825.020959231	4158126.87850531	
316824.985866585	4158126.89038139	
316824.942184435	4158126.91354868	
316824.91592617	4158126.92522981	
316824.8810784	4158126.94820214	
316824.845740879	4158126.94898198	
316824.801813855	4158126.96105303	
316824.775555591	4158126.97273415	
316824.749297326	4158126.98441528	
316824.723039061	4158126.9960964	
316824.687701542	4158126.99687624	
316824.670522532	4158127.01945866	
316824.644019393	4158127.02004354	
316824.626840384	4158127.04262595	
316824.60058212	4158127.05430708	
316824.57456873	4158127.07708445	
316824.539476087	4158127.08896054	
316824.513462698	4158127.11173791	
316824.47861493	4158127.13471025	
316824.452356666	4158127.14639137	
316824.417508898	4158127.16936371	
316824.382416255	4158127.1812398	
316824.347323611	4158127.19311588	
316824.321065348	4158127.20479701	
316824.277383201	4158127.22796431	
316824.242535434	4158127.25093664	
316824.207442792	4158127.26281273	
316824.181429405	4158127.28559011	
316824.146581638	4158127.30856244	
316824.111488995	4158127.32043853	
316824.094309988	4158127.34302095	
316824.059462223	4158127.36599328	
316824.02436958	4158127.37786937	
316823.998601071	4158127.411743	
316823.963508428	4158127.42361908	
316823.937250167	4158127.43530021	
316823.902647277	4158127.4693688	
316823.876633892	4158127.49214617	
316823.832706871	4158127.50421723	
316823.780190347	4158127.52757948	
316823.736997956	4158127.57293928	
316823.693070936	4158127.58501033	
316823.631964911	4158127.6196638	
316823.570858886	4158127.65431726	
316823.509263108	4158127.66677824	
316823.447422454	4158127.66814296	
316823.394905933	4158127.69150523	
316823.324475777	4158127.70416116	
316823.271959256	4158127.72752342	
316823.210608356	4158127.75108065	
316823.157846959	4158127.76334666	
316823.096496059	4158127.78690389	
316823.035145161	4158127.81046111	
316822.973794262	4158127.83401834	
316822.912198486	4158127.84647932	
316822.85060271	4158127.85894029	
316822.789251812	4158127.88249752	
316822.718821659	4158127.89515346	
316822.666550018	4158127.92961198	
316822.604954243	4158127.94207296	
316822.561272104	4158127.96524026	
316822.517589966	4158127.98840757	
316822.464828571	4158128.00067359	
316822.421391312	4158128.03493714	
316822.351450915	4158128.06978558	
316822.299179278	4158128.1042441	
316822.246417883	4158128.11651012	
316822.202980625	4158128.15077367	
316822.150708989	4158128.18523219	
316822.10727173	4158128.21949574	
316822.063589595	4158128.24266305	
316822.028741839	4158128.26563539	
316821.99413896	4158128.29970399	
316821.950701704	4158128.33396754	
316821.907264448	4158128.3682311	
316821.845668677	4158128.38069208	
316821.810576042	4158128.39256819	
316821.766893908	4158128.4157355	
316821.713887638	4158128.41690527	
316821.687384501	4158128.41749016	
316821.661860883	4158128.46246004	
316821.617933871	4158128.4745311	
316821.583086115	4158128.49750345	
316821.547748603	4158128.4982833	
316821.512900847	4158128.52125565	
316821.478297972	4158128.55532424	
316821.443205339	4158128.56720034	
316821.391178587	4158128.61275511	
316821.347006696	4158128.61372993	
316821.303814324	4158128.65908973	
316821.259887313	4158128.6711608	
316821.225039559	4158128.69413315	
316821.17276793	4158128.72859167	
316821.137675297	4158128.74046778	
316821.094238047	4158128.77473134	
316821.068469553	4158128.80860497	
316821.033621801	4158128.83157732	
316821.007363547	4158128.84325846	
316820.972760675	4158128.87732705	
316820.946747302	4158128.90010444	
316820.903799814	4158128.9565605	
316820.860117685	4158128.97972781	
316820.843428451	4158129.02450273	
316820.809315342	4158129.08076382	
316820.78354685	4158129.11463746	
316820.7486991	4158129.13760981	
316820.72342037	4158129.19367594	
316820.688817501	4158129.22774454	
316820.654214633	4158129.26181314	
316820.611022268	4158129.30717295	
316820.576174519	4158129.3301453	
316820.541816532	4158129.37531015	
316820.507458547	4158129.42047499	
316820.464266183	4158129.46583481	
316820.438987455	4158129.52190094	
316820.395550212	4158129.5561645	
316820.387695359	4158129.60074446	
316820.361926871	4158129.63461809	
316820.318734509	4158129.67997791	
316820.26646289	4158129.71443644	
316820.231860025	4158129.74850504	
316820.170754029	4158129.78315853	
316820.136640929	4158129.83941963	
316820.101793183	4158129.86239198	
316820.058600825	4158129.9077518	
316820.02375308	4158129.93072415	
316819.980560722	4158129.97608397	
316819.945957859	4158130.01015257	
316819.911110116	4158130.03312492	
316819.868162641	4158130.08958099	
316819.824480521	4158130.11274831	
316819.772208906	4158130.14720684	
316819.737606045	4158130.18127544	
316819.67698982	4158130.23812144	
316819.633552582	4158130.272385	
316819.589625581	4158130.28445608	
316819.528764474	4158130.33020583	
316819.494651381	4158130.38646693	
316819.424955898	4158130.43241164	
316819.399432299	4158130.47738153	
316819.338081429	4158130.50093878	
316819.294889078	4158130.5462986	
316819.242127704	4158130.55856464	
316819.190100976	4158130.60411942	
316819.119915732	4158130.62787165	
316819.058564865	4158130.6514289	
316819.006538139	4158130.69698369	
316818.936352896	4158130.72073591	
316818.893405432	4158130.77719198	
316818.841133824	4158130.81165051	
316818.806530971	4158130.84571912	
316818.753769597	4158130.85798517	
316818.701742876	4158130.90353995	
316818.631312751	4158130.91619593	
316818.587875522	4158130.95045951	
316818.517445399	4158130.96311549	
316818.482842546	4158130.99718409	
316818.430815827	4158131.04273888	
316818.369464964	4158131.06629614	
316818.308358985	4158131.10094965	
316818.247253007	4158131.13560316	
316818.176822886	4158131.14825914	
316818.097803273	4158131.17220634	
316818.054121163	4158131.19537367	
316817.957187915	4158131.20861455	
316817.922829951	4158131.25377941	
316817.861723975	4158131.28843292	
316817.80969726	4158131.33398772	
316817.766504921	4158131.37934755	
316817.687485311	4158131.40329475	
316817.617544963	4158131.43814323	
316817.539015124	4158131.48428293	
316817.468585007	4158131.49693891	
316817.389810284	4158131.53198236	
316817.319869937	4158131.56683085	
316817.232995497	4158131.63535801	
316817.163544923	4158131.69239899	
316817.120597475	4158131.74885507	
316817.067836111	4158131.76112113	
316817.006730142	4158131.79577465	
316816.918386392	4158131.79772433	
316816.848690934	4158131.84366906	
316816.769671331	4158131.86761627	
316816.690406843	4158131.88046723	
316816.602063092	4158131.88241692	
316816.505129854	4158131.89565782	
316816.407706842	4158131.88670623	
316816.345866217	4158131.88807101	
316816.248932979	4158131.90131191	
316816.16893383	4158131.88087413	
316816.072245479	4158131.90521129	
316815.966477866	4158131.91864716	
316815.886968492	4158131.92040189	
316815.816048604	4158131.91086539	
316815.746108267	4158131.94571389	
316815.666354004	4158131.93637237	
316815.604513379	4158131.93773715	
316815.516659405	4158131.96187934	
316815.436415366	4158131.93034533	
316815.321323604	4158131.92178369	
316815.250158828	4158131.90115095	
316815.117398313	4158131.89297925	
316815.028564786	4158131.87273645	
316814.957400009	4158131.85210372	
316814.860221882	4158131.85424839	
316814.789301993	4158131.8447119	
316814.727216478	4158131.83498045	
316814.6560517	4158131.81434772	
316814.584397142	4158131.77152249	
316814.486239459	4158131.72928218	
316814.432743428	4158131.7082595	
316814.352009603	4158131.654533	
316814.280844822	4158131.63390027	
316814.218269526	4158131.60197633	
316814.164038827	4158131.54766491	
316814.101463529	4158131.51574096	
316814.065636248	4158131.49432835	
316814.003060949	4158131.46240441	
316813.949564917	4158131.44138174	
316813.896068883	4158131.42035907	
316813.84208307	4158131.37714391	
316813.77926288	4158131.33412371	
316813.707608313	4158131.29129849	
316813.644543231	4158131.23718206	
316813.555709693	4158131.21693928	
316813.53755116	4158131.19513672	
316813.483320453	4158131.14082531	
316813.429334635	4158131.09761015	
316813.375348818	4158131.05439499	
316813.303204465	4158130.98937728	
316813.239894489	4158130.9241646	
316813.168484806	4158130.89243563	
316813.123333361	4158130.8490255	
316813.042844411	4158130.80639525	
316813.015361718	4158130.76259518	
316812.952051737	4158130.6973825	
316812.90690029	4158130.65397237	
316812.843345416	4158130.57766344	
316812.744208144	4158130.49103815	
316812.716480556	4158130.43614183	
316812.652435895	4158130.33764041	
316812.597960285	4158130.27223275	
316812.526060813	4158130.2183113	
316812.462995715	4158130.16419486	
316812.372692809	4158130.07737461	
316812.344965219	4158130.02247829	
316812.26374158	4158129.94655931	
316812.22815918	4158129.93624295	
316812.173438671	4158129.85973906	
316812.093194598	4158129.82820507	
316812.02939482	4158129.7407999	
316811.921423151	4158129.6543696	
316811.911609203	4158129.61017958	
316811.831120234	4158129.56754935	
316811.759465642	4158129.52472414	
316811.705724699	4158129.49260524	
316811.643149376	4158129.46068131	
316811.544012077	4158129.37405604	
316811.489781345	4158129.31974464	
316811.400702885	4158129.28840563	
316811.328068717	4158129.20119544	
316811.283162147	4158129.16888157	
316811.246845061	4158129.12527647	
316811.184514627	4158129.10444879	
316811.130773678	4158129.0723299	
316811.068688137	4158129.06259847	
316811.01519208	4158129.04157582	
316810.952371857	4158128.99855564	
316810.881696831	4158129.00011544	
316810.819366395	4158128.97928776	
316810.748446475	4158128.96975131	
316810.694705523	4158128.93763242	
316810.650043843	4158128.91641479	
316810.588692982	4158128.93997211	
316810.508938684	4158128.93063064	
316810.402436354	4158128.91077784	
316810.314092569	4158128.91272759	
316810.234093375	4158128.89228987	
316810.172497621	4158128.90475094	
316810.110412077	4158128.89501952	
316810.048326533	4158128.8852881	
316809.969062021	4158128.89813912	
316809.907466267	4158128.9106002	
316809.845380723	4158128.90086878	
316809.784519655	4158128.9466186	
316809.73175828	4158128.9588847	
316809.670407422	4158128.98244203	
316809.617401151	4158128.98361188	
316809.538136642	4158128.99646291	
316809.494454542	4158129.01963029	
316809.423534619	4158129.01009384	
316809.371263037	4158129.04455244	
316809.274329771	4158129.05779343	
316809.203654745	4158129.05935324	
316809.142548785	4158129.09400682	
316809.063284276	4158129.10685785	
316809.001933421	4158129.13041518	
316808.940827462	4158129.16506876	
316808.870397334	4158129.17772482	
316808.81763596	4158129.18999093	
316808.746960935	4158129.19155074	
316808.668186222	4158129.22659427	
316808.606345575	4158129.22795911	
316808.527325966	4158129.2519064	
316808.465975113	4158129.27546373	
316808.405603849	4158129.34340606	
316808.325849549	4158129.33406461	
316808.300815799	4158129.40122703	
316808.212716917	4158129.41427305	
316808.178603891	4158129.47053419	
316808.090749908	4158129.49467646	
316808.029643955	4158129.52933005	
316807.977617278	4158129.57488491	
316807.934669878	4158129.63134103	
316807.891232683	4158129.66560467	
316807.822027049	4158129.73374198	
316807.787179334	4158129.75671438	
316807.726318283	4158129.80246422	
316807.674536509	4158129.85911532	
316807.640178591	4158129.90428023	
316807.605820674	4158129.94944513	
316807.57121786	4158129.98351379	
316807.510356811	4158130.02926363	
316807.484098577	4158130.04094481	
316807.441151182	4158130.09740094	
316807.406793268	4158130.14256584	
316807.3545217	4158130.17702445	
316807.301760336	4158130.18929057	
316807.258812944	4158130.2457467	
316807.242123784	4158130.29052165	
316807.172183463	4158130.32537022	
316807.190097117	4158130.33607652	
316807.129725871	4158130.40401885	
316807.130215668	4158130.42621135	
316807.140519439	4158130.49259386	
316807.133154455	4158130.55936632	
316807.116465297	4158130.60414127	
316807.108855415	4158130.65981749	
316807.119159185	4158130.7262	
316807.084311478	4158130.74917241	
316807.138052433	4158130.78129128	
316807.130197653	4158130.82587126	
316807.10442922	4158130.85974493	
316807.113998293	4158130.8928387	
316807.114977889	4158130.93722369	
316807.124791861	4158130.98141371	
316807.144419805	4158131.06979373	
316807.127730648	4158131.11456868	
316807.190061079	4158131.13539633	
316807.218033602	4158131.20138888	
316807.227602674	4158131.23448265	
316807.246251021	4158131.27847768	
316807.238151341	4158131.31196141	
316807.300236872	4158131.32169281	
316807.309805945	4158131.35478657	
316807.328209393	4158131.38768536	
316807.390539821	4158131.40851301	
316807.391274517	4158131.44180175	
316807.444280772	4158131.44063188	
316807.444770569	4158131.46282438	
316807.480352971	4158131.47314071	
316807.498266621	4158131.48384701	
316807.507835692	4158131.51694077	
316807.534583717	4158131.52745209	
316807.535073514	4158131.54964458	
316807.553476961	4158131.58254337	
316807.570411018	4158131.54886467	
316807.588324668	4158131.55957096	
316807.597403941	4158131.57047223	
316807.640841124	4158131.5362086	
316807.641330921	4158131.55840109	
316807.67593373	4158131.52433244	
316807.720105608	4158131.52335755	
316807.693112685	4158131.50174999	
316807.701702162	4158131.49045876	
316807.719370914	4158131.4900688	
316807.736794767	4158131.4785826	
316807.763052996	4158131.46690142	
316807.807224875	4158131.46592653	
316807.815814353	4158131.4546353	
316807.788576531	4158131.42193149	
316807.832503512	4158131.40986036	
316807.867106322	4158131.3757917	
316807.910543507	4158131.34152807	
316807.954225591	4158131.31836068	
316807.935822145	4158131.2854619	
316807.997172982	4158131.26190456	
316808.049444545	4158131.22744595	
316808.119874655	4158131.21478988	
316808.172636015	4158131.20252377	
316808.207238826	4158131.16845512	
316808.251410707	4158131.16748023	
316808.250920912	4158131.14528773	
316808.294847895	4158131.1332166	
316808.338774879	4158131.12114546	
316808.355219145	4158131.06527427	
316808.408225401	4158131.06410441	
316808.443318009	4158131.05222825	
316808.487244993	4158131.04015712	
316808.531171977	4158131.02808598	
316808.521847806	4158131.00608847	
316808.565774791	4158130.99401733	
316808.608722188	4158130.93756121	
316808.652404275	4158130.91439383	
316808.705900326	4158130.93541646	
316808.829091802	4158130.91049429	
316808.943204005	4158130.87467085	
316809.013389223	4158130.85091855	
316809.075229858	4158130.84955371	
316809.153269869	4158130.78122144	
316809.206521023	4158130.79114783	
316809.233024152	4158130.7905629	
316809.321367916	4158130.78861314	
316809.392042929	4158130.78705333	
316809.436949499	4158130.81936719	
316809.498545238	4158130.80690611	
316809.533637848	4158130.79502996	
316809.622471404	4158130.8152727	
316809.675967453	4158130.83629534	
316809.74688736	4158130.84583178	
316809.800628304	4158130.87795067	
316809.809707575	4158130.88885194	
316809.854124353	4158130.89897331	
316809.881607063	4158130.94277338	
316809.9355929	4158130.98598852	
316809.953751443	4158131.00779106	
316809.972644672	4158131.06288235	
316809.973379357	4158131.09617109	
316810.000862065	4158131.13997116	
316810.019020608	4158131.1617737	
316810.054603008	4158131.17209005	
316810.091164986	4158131.22679139	
316810.118157904	4158131.24839896	
316810.145150822	4158131.27000653	
316810.146620191	4158131.33658402	
316810.182447485	4158131.35799661	
316810.209440402	4158131.37960418	
316810.227843838	4158131.41250298	
316810.272260611	4158131.42262435	
316810.290419153	4158131.4444269	
316810.291153837	4158131.47771564	
316810.300478002	4158131.49971316	
316810.300722896	4158131.51080941	
316810.292133416	4158131.52210063	
316810.283543934	4158131.53339185	
316810.265875183	4158131.5337818	
316810.248206433	4158131.53417175	
316810.230537681	4158131.5345617	
316810.213113825	4158131.5460479	
316810.195445073	4158131.54643785	
316810.186610698	4158131.54663283	
316810.168941947	4158131.54702278	
316810.15151809	4158131.55850898	
316810.142683714	4158131.55870395	
316810.125259859	4158131.57019015	
316810.116425482	4158131.57038513	
316810.099001626	4158131.58187133	
316810.090167251	4158131.5820663	
316810.081577771	4158131.59335753	
316810.06390902	4158131.59374748	
316810.046240268	4158131.59413743	
316810.037650787	4158131.60542865	
316810.019982037	4158131.6058186	
316810.011392556	4158131.61710982	
316810.002803076	4158131.62840105	
316809.985134325	4158131.628791	
316809.976544845	4158131.64008222	
316809.967710469	4158131.6402772	
316809.959120989	4158131.65156842	
316809.941697133	4158131.66305462	
316809.932862757	4158131.6632496	
316809.924273277	4158131.67454082	
316809.915438902	4158131.67473579	
316809.897770151	4158131.67512574	
316809.88918067	4158131.68641697	
316809.88059119	4158131.69770819	
316809.872001711	4158131.70899941	
316809.86341223	4158131.72029064	
316809.863657125	4158131.73138689	
316809.85482275	4158131.73158186	
316809.846233269	4158131.74287309	
316809.83764379	4158131.75416431	
316809.829054309	4158131.76545553	
316809.829299204	4158131.77655178	
316809.8295441	4158131.78764803	
316809.82095462	4158131.79893925	
316809.821444411	4158131.82113175	
316809.813099827	4158131.84351922	
316809.813344723	4158131.85461547	
316809.796410658	4158131.88829416	
316809.796900449	4158131.91048666	
316809.779721489	4158131.93306911	
316809.780456176	4158131.96635785	
316809.772356488	4158131.99984157	
316809.755912215	4158132.05571276	
316809.738733255	4158132.07829521	
316809.713699504	4158132.14545762	
316809.705354919	4158132.1678451	
316809.679586482	4158132.20171877	
316809.653818044	4158132.23559244	
316809.637128877	4158132.28036738	
316809.61136044	4158132.31424105	
316809.585347106	4158132.33701848	
316809.56865794	4158132.38179342	
316809.533565337	4158132.39366957	
316809.507552005	4158132.416447	
316809.481783567	4158132.45032067	
316809.438101486	4158132.47348804	
316809.376505759	4158132.48594913	
316809.323499512	4158132.48711898	
316809.270983056	4158132.51048134	
316809.227545872	4158132.54474496	
316809.157360668	4158132.56849727	
316809.13183713	4158132.61346719	
316809.097724114	4158132.66972833	
316809.054286931	4158132.70399196	
316809.002505167	4158132.76064306	
316808.958578192	4158132.77271419	
316808.889127681	4158132.82975524	
316808.827776855	4158132.85331258	
316808.776729784	4158132.94325242	
316808.734272191	4158133.02190104	
316808.692304394	4158133.12274216	
316808.631688262	4158133.17958824	
316808.53622443	4158133.25940672	
316808.467753514	4158133.36083277	
316808.398303012	4158133.41787383	
316808.31044907	4158133.4420161	
316808.231919297	4158133.48815588	
316808.109952351	4158133.5685593	
316808.014733427	4158133.65947404	
316807.840739837	4158133.78543233	
316807.727852171	4158133.87673702	
316807.587726692	4158133.93533791	
316807.465759758	4158134.01574134	
316807.352382302	4158134.08485355	
316807.283911409	4158134.18627961	
316807.214216021	4158134.23222443	
316807.136420961	4158134.31165297	
316807.014209138	4158134.38096016	
316806.909421162	4158134.43878115	
316806.77788517	4158134.48609082	
316806.708434689	4158134.54313189	
316806.64757368	4158134.58888174	
316806.586712672	4158134.63463159	
316806.517507093	4158134.70276891	
316806.421063697	4158134.73820243	
316806.325599904	4158134.81802094	
316806.237745981	4158134.84216323	
316806.141547489	4158134.888693	
316806.045348997	4158134.93522277	
316805.966574351	4158134.97026633	
316805.914792622	4158135.02691745	
316805.809025058	4158135.04035346	
316805.748164057	4158135.08610331	
316805.650985966	4158135.08824809	
316805.581045693	4158135.12309668	
316805.501781246	4158135.13594775	
316805.396013684	4158135.14938376	
316805.308159768	4158135.17352606	
316805.157975445	4158135.17684073	
316805.035028944	4158135.21285921	
316804.911347737	4158135.21558894	
316804.824228529	4158135.27301999	
316804.74545389	4158135.30806357	
316804.684837801	4158135.36490968	
316804.59722879	4158135.40014823	
316804.535633091	4158135.41260935	
316804.475017004	4158135.46945546	
316804.413666208	4158135.49301283	
316804.361149784	4158135.51637521	
316804.299554085	4158135.52883633	
316804.265196212	4158135.57400125	
316804.115256798	4158135.58841219	
316804.054640714	4158135.64525831	
316803.877953284	4158135.64915795	
316803.808013024	4158135.68400655	
316803.737827859	4158135.7077589	
316803.641139582	4158135.7320962	
316803.597702437	4158135.76635986	
316803.483345417	4158135.79108713	
316803.405060597	4158135.84832321	
316803.326041064	4158135.87227055	
316803.238676969	4158135.91860537	
316803.168491808	4158135.94235773	
316803.135358466	4158136.0430039	
316803.057318554	4158136.11133623	
316803.004802137	4158136.13469863	
316802.918172762	4158136.2143222	
316802.857556691	4158136.27116832	
316802.769947698	4158136.3064069	
316802.700987069	4158136.3856405	
316802.604543706	4158136.42107406	
316802.535093268	4158136.47811517	
316802.457298271	4158136.55754376	
316802.387358024	4158136.59239238	
316802.299749036	4158136.62763096	
316802.238888066	4158136.67338084	
316802.16011345	4158136.70842444	
316802.089683392	4158136.72108056	
316802.020477866	4158136.78921792	
316801.969185989	4158136.86806156	
316801.898511026	4158136.86962144	
316801.829060596	4158136.92666255	
316801.750285984	4158136.96170616	
316801.68059065	4158137.00765103	
316801.576292556	4158137.08766458	
316801.497273039	4158137.11161194	
316801.400829689	4158137.14704551	
316801.277883232	4158137.18306405	
316801.190519161	4158137.22939889	
316801.093830907	4158137.25373622	
316800.979718821	4158137.28955978	
316800.909533678	4158137.31331215	
316800.830514165	4158137.33725952	
316800.769898116	4158137.39410566	
316800.655296217	4158137.40773672	
316800.611859093	4158137.44200039	
316800.488667734	4158137.46692269	
316800.426582237	4158137.45719134	
316800.304615421	4158137.53759488	
316800.242774834	4158137.53895978	
316800.164490052	4158137.5961959	
316800.094304912	4158137.61994828	
316800.024609592	4158137.66589317	
316799.972093192	4158137.68925558	
316799.875404947	4158137.71359293	
316799.814054179	4158137.73715033	
316799.762027599	4158137.78270524	
316799.612822958	4158137.83040501	
316799.515889806	4158137.84364611	
316799.463863228	4158137.88920103	
316799.332327329	4158137.93651083	
316799.253552735	4158137.97155445	
316799.166188684	4158138.01788932	
316799.10508283	4158138.05254297	
316798.991460584	4158138.11055905	
316798.930109821	4158138.13411646	
316798.826301588	4158138.23632255	
316798.755871547	4158138.2489787	
316798.687155882	4158138.33930858	
316798.555130172	4158138.3644259	
316798.486169598	4158138.44365954	
316798.42506375	4158138.4783132	
316798.320520793	4158138.54723055	
316798.242236034	4158138.60446668	
316798.172785642	4158138.66150783	
316798.085666515	4158138.71893895	
316797.990447757	4158138.80985381	
316797.920017721	4158138.82250997	
316797.816699333	4158138.94690857	
316797.737924755	4158138.98195221	
316797.668229459	4158139.02789711	
316797.590434532	4158139.10732575	
316797.521229062	4158139.17546315	
316797.433375207	4158139.19960554	
316797.355580284	4158139.27903418	
316797.304778292	4158139.38007035	
316797.26134119	4158139.41433404	
316797.183301359	4158139.48266644	
316797.132009543	4158139.56151011	
316797.053234974	4158139.59655376	
316796.984274426	4158139.67578742	
316796.923903333	4158139.74372984	
316796.872856436	4158139.83366976	
316796.812730259	4158139.91270843	
316796.744504455	4158140.02523083	
316796.675543914	4158140.10446449	
316796.641431014	4158140.16072569	
316796.599218489	4158140.25047063	
316796.548171599	4158140.34041056	
316796.504979421	4158140.3857705	
316796.436018884	4158140.46500416	
316796.366568521	4158140.52204532	
316796.323866173	4158140.58959777	
316796.263740007	4158140.66863644	
316796.221037661	4158140.73618888	
316796.151832216	4158140.8043263	
316796.10912987	4158140.87187874	
316796.039679514	4158140.9289199	
316795.961639705	4158140.99725231	
316795.927526815	4158141.05351352	
316795.858321375	4158141.12165093	
316795.780036657	4158141.17888709	
316795.719665585	4158141.24682952	
316795.677453076	4158141.33657446	
316795.617082007	4158141.40451689	
316795.539042207	4158141.4728493	
316795.496829701	4158141.56259425	
316795.418300073	4158141.60873416	
316795.367008289	4158141.68757785	
316795.31547159	4158141.75532529	
316795.237676711	4158141.83475395	
316795.177550565	4158141.91379263	
316795.116934588	4158141.97063882	
316795.047729163	4158142.03877624	
316794.996682302	4158142.12871618	
316794.944165944	4158142.15207863	
316794.884284719	4158142.24221356	
316794.82342383	4158142.28796349	
316794.771642224	4158142.34461469	
316794.702926637	4158142.43494461	
316794.641820834	4158142.4695983	
316794.598628677	4158142.51495826	
316794.529913095	4158142.60528819	
316794.469297127	4158142.66213437	
316794.435184253	4158142.71839559	
316794.348555029	4158142.79801925	
316794.322786687	4158142.83189297	
316794.244991829	4158142.91132165	
316794.193210231	4158142.96797284	
316794.141673549	4158143.03572029	
316794.063143942	4158143.08186022	
316794.011362346	4158143.13851142	
316793.950991303	4158143.20645386	
316793.880806228	4158143.2302063	
316793.820435188	4158143.29814874	
316793.75049503	4158143.33299744	
316793.672945101	4158143.42352236	
316793.629018201	4158143.43559358	
316793.560792472	4158143.54811601	
316793.4999316	4158143.59386596	
316793.439560565	4158143.6618084	
316793.361030969	4158143.70794834	
316793.291580654	4158143.76498953	
316793.230964703	4158143.82183573	
316793.152680029	4158143.87907192	
316793.101143361	4158143.94681937	
316793.023348525	4158144.02624806	
316792.953653297	4158144.072193	
316792.884692827	4158144.1514267	
316792.815242519	4158144.20846789	
316792.727878568	4158144.25480283	
316792.65940794	4158144.35622902	
316792.589957635	4158144.41327022	
316792.520507332	4158144.47031142	
316792.442467587	4158144.53864386	
316792.372527446	4158144.57349256	
316792.285653341	4158144.64202	
316792.215713201	4158144.67686871	
316792.102091092	4158144.73488488	
316792.024541193	4158144.82540983	
316791.946746376	4158144.90483852	
316791.850792995	4158144.96246471	
316791.746005253	4158145.0202859	
316791.677044803	4158145.0995196	
316791.581336346	4158145.16824205	
316791.503296615	4158145.2365745	
316791.425256885	4158145.30490695	
316791.330038276	4158145.39582189	
316791.251998549	4158145.46415435	
316791.183038107	4158145.54338805	
316791.08732966	4158145.6121105	
316790.982052088	4158145.6477392	
316790.895667849	4158145.73845915	
316790.808548846	4158145.79589036	
316790.721674767	4158145.86441782	
316790.65246941	4158145.93255528	
316790.57393985	4158145.97869525	
316790.496634902	4158146.08031645	
316790.409270982	4158146.12665142	
316790.322151986	4158146.18408263	
316790.23576776	4158146.27480259	
316790.148403844	4158146.32113755	
316790.070609058	4158146.40056627	
316789.974655708	4158146.45819248	
316789.887781642	4158146.52671995	
316789.800662653	4158146.58415116	
316789.722622951	4158146.65248363	
316789.643848478	4158146.68752736	
316789.53955062	4158146.76754107	
316789.461021073	4158146.81368105	
316789.374147015	4158146.88220852	
316789.278193674	4158146.93983474	
316789.182730183	4158147.01965346	
316789.08653192	4158147.06618344	
316788.991068432	4158147.14600216	
316788.895115097	4158147.20362838	
316788.817075407	4158147.27196086	
316788.703453355	4158147.32997709	
316788.607500024	4158147.38760332	
316788.502712334	4158147.44542455	
316788.407248855	4158147.52524328	
316788.302461169	4158147.58306451	
316788.206997695	4158147.66288324	
316788.102699863	4158147.74289698	
316788.006256688	4158147.77833072	
316787.901958859	4158147.85834445	
316787.80600554	4158147.91597069	
316787.71888658	4158147.97340193	
316787.623423116	4158148.05322067	
316787.536304159	4158148.11065191	
316787.440595771	4158148.17937441	
316787.353476816	4158148.23680565	
316787.231755209	4158148.32830564	
316787.143901477	4158148.35244815	
316787.074941098	4158148.43168189	
316786.952974569	4158148.51208564	
316786.865365767	4158148.54732439	
316786.814074108	4158148.62616814	
316786.655790441	4158148.6629669	
316786.622167502	4158148.74142064	
316786.472963123	4158148.78912066	
316786.430505829	4158148.86776941	
316786.316638885	4158148.91468942	
316786.255778092	4158148.96043942	
316786.168904082	4158149.02896693	
316786.090864431	4158149.09729943	
316786.030248569	4158149.15414569	
316785.908037133	4158149.22345321	
316785.838586914	4158149.28049446	
316785.760302339	4158149.33773073	
316785.655514693	4158149.39555199	
316785.594898837	4158149.45239825	
316785.489866264	4158149.49912327	
316785.420905909	4158149.57835703	
316785.34262134	4158149.6355933	
316785.255747345	4158149.70412081	
316785.177462779	4158149.76135708	
316785.072430211	4158149.80808211	
316784.994390577	4158149.87641462	
316784.907271657	4158149.9338459	
316784.838066382	4158150.00198341	
316784.733033819	4158150.04870844	
316784.672662904	4158150.11665096	
316784.558795988	4158150.16357099	
316784.471677074	4158150.22100227	
316784.402716735	4158150.30023604	
316784.297684178	4158150.34696108	
316784.245902695	4158150.40361234	
316784.114856934	4158150.47311489	
316784.045161807	4158150.51905991	
316783.993135394	4158150.56461493	
316783.87975835	4158150.63372748	
316783.793129308	4158150.71335126	
316783.705765473	4158150.7596863	
316783.636315283	4158150.81672757	
316783.505514465	4158150.89732638	
316783.47115677	4158150.94249139	
316783.349190312	4158151.0228952	
316783.253237058	4158151.08052149	
316783.227958653	4158151.13658775	
316783.11433669	4158151.19460406	
316783.027462729	4158151.2631316	
316782.922675125	4158151.3209529	
316782.879483079	4158151.36631292	
316782.77494041	4158151.43523048	
316782.714079654	4158151.48098051	
316782.609536989	4158151.54989807	
316782.540086813	4158151.60693935	
316782.452967927	4158151.66437065	
316782.392597042	4158151.73231319	
316782.296643803	4158151.78993949	
316782.227193631	4158151.84698078	
316782.167067683	4158151.92601957	
316782.097862448	4158151.99415711	
316782.046080988	4158152.05080839	
316781.977365623	4158152.14113843	
316781.916994745	4158152.20908096	
316781.848034449	4158152.28831475	
316781.787663573	4158152.35625729	
316781.735882118	4158152.41290857	
316781.666431956	4158152.46994987	
316781.607040822	4158152.5822774	
316781.563603855	4158152.61654118	
316781.486054145	4158152.70706623	
316781.443107049	4158152.76352251	
316781.400649824	4158152.84217128	
316781.331444601	4158152.91030883	
316781.297576797	4158152.97766635	
316781.237450867	4158153.05670514	
316781.168490583	4158153.13593894	
316781.116954074	4158153.20368648	
316781.065417564	4158153.27143401	
316780.996457285	4158153.35066781	
316780.927007136	4158153.40770911	
316780.875960501	4158153.49764915	
316780.833503285	4158153.57629793	
316780.76454301	4158153.65553173	
316780.713006507	4158153.72327927	
316780.653125524	4158153.81341431	
316780.601833959	4158153.8922581	
316780.550542395	4158153.97110189	
316780.490171542	4158154.03904443	
316780.438879981	4158154.11788822	
316780.378509131	4158154.18583077	
316780.318138282	4158154.25377332	
316780.248933081	4158154.32191088	
316780.197641523	4158154.40075467	
316780.128681262	4158154.47998848	
316780.049906901	4158154.5150323	
316779.980701705	4158154.58316986	
316779.911006636	4158154.62911492	
316779.832477215	4158154.67525499	
316779.772106374	4158154.74319754	
316779.702656243	4158154.80023886	
316779.624616701	4158154.86857143	
316779.554921635	4158154.91451649	
316779.476637158	4158154.97175282	
316779.407431969	4158155.03989038	
316779.337981845	4158155.0969317	
316779.277611011	4158155.16487426	
316779.19883666	4158155.19991808	
316779.129631477	4158155.26805565	
316779.051347004	4158155.32529198	
316778.981651946	4158155.37123705	
316778.912446765	4158155.43937462	
316778.825083006	4158155.48570971	
316778.75563289	4158155.54275103	
316778.686182774	4158155.59979236	
316778.616487719	4158155.64573743	
316778.529368903	4158155.70316877	
316778.460163729	4158155.77130635	
316778.381634327	4158155.81744643	
316778.303594804	4158155.88577902	
316778.251568457	4158155.93133408	
316778.155615294	4158155.98896043	
316778.068496485	4158156.04639178	
316777.972053445	4158156.08182564	
316777.894013929	4158156.15015823	
316777.816219353	4158156.22958707	
316777.737689958	4158156.27572716	
316777.659405505	4158156.33296351	
316777.580876113	4158156.3791036	
316777.502591661	4158156.43633995	
316777.42430721	4158156.49357629	
316777.345532879	4158156.52862014	
316777.285651954	4158156.61875521	
316777.197798334	4158156.64289782	
316777.119513887	4158156.70013417	
316777.050063792	4158156.7571755	
316775.945770029	4158156.78155202	
316774.39605191	4158157.44855561	
316773.096439025	4158157.03317784	
316772.004425125	4158156.81304737	
316771.2098235	4158156.85279142	
316770.897681849	4158156.72646206	
316770.619162941	4158156.52167889	
316770.359047572	4158156.34979444	
316770.008123047	4158156.46855768	
316769.761985982	4158156.52949946	
316769.399287703	4158156.51530276	
316769.115608674	4158156.4771584	
316768.930332262	4158156.49235007	
316768.628739575	4158156.44349952	
316768.514872826	4158156.49041978	
316768.321496922	4158156.53909523	
316768.020639092	4158156.52353345	
316767.755608571	4158156.52938408	
316767.587755907	4158156.53308949	
316767.402969404	4158156.57047369	
316767.200514202	4158156.60824795	
316766.981370118	4158156.69079724	
316766.742352743	4158156.67387035	
316766.637810266	4158156.74278811	
316766.506519785	4158156.8011947	
316766.393142961	4158156.87030749	
316766.296699974	4158156.90574149	
316766.191422637	4158156.94137052	
316766.041973549	4158156.97797466	
316765.892524461	4158157.0145788	
316765.778657734	4158157.0614991	
316765.70061832	4158157.12983181	
316765.569082894	4158157.17714216	
316765.221342902	4158157.44015685	
316765.116065575	4158157.47578589	
316764.974715979	4158157.47890628	
316764.833121424	4158157.47093042	
316764.745757757	4158157.51726567	
316764.622321818	4158157.53109226	
316764.498151005	4158157.51163011	
316764.42845604	4158157.55757531	
316764.366860549	4158157.57003673	
316764.296920626	4158157.60488568	
316764.22600087	4158157.59534963	
316764.138637207	4158157.64168488	
316764.018140775	4158157.78866648	
316763.930287197	4158157.81280923	
316763.860837195	4158157.86985068	
316763.781817969	4158157.89379841	
316763.71187805	4158157.92864737	
316763.606845695	4158157.97537267	
316763.527826471	4158157.99932041	
316763.457641594	4158158.02307311	
316763.396291068	4158158.04663079	
316763.335430462	4158158.09238097	
316763.265735507	4158158.13832618	
316763.232357789	4158158.22787628	
316763.181066414	4158158.30672018	
316763.103027032	4158158.37505292	
316763.024252772	4158158.4100969	
316762.936889124	4158158.45643217	
316762.849770437	4158158.51386368	
316762.770996179	4158158.54890767	
316762.702281074	4158158.63923788	
316762.639200064	4158158.98478182	
316762.58544333	4158159.35232324	
316762.521872411	4158159.67567469	
316762.466645923	4158159.97663861	
316762.402340133	4158160.26670131	
316762.34613381	4158160.52328024	
316762.267849496	4158160.58051673	
316762.183425413	4158160.760007	
316762.126484217	4158160.98329718	
316762.087456679	4158161.21729355	
316761.975794684	4158161.36408015	
316761.883026194	4158161.56595795	
316761.781668325	4158161.77912702	
316761.69773419	4158161.98080979	
316761.604720751	4158162.17159134	
316761.538210353	4158162.36178781	
316761.44495196	4158162.54147311	
316761.360282954	4158162.70986714	
316761.301627059	4158162.85548358	
316761.23389186	4158162.9901988	
316761.192904657	4158163.13542518	
316761.143818	4158163.31413535	
316761.085162114	4158163.45975179	
316760.98208955	4158163.59524713	
316760.896930639	4158163.74144866	
316760.811771731	4158163.8876502	
316760.744281513	4158164.03346167	
316760.614705932	4158164.16954211	
316760.546480828	4158164.28206484	
316760.47850069	4158164.40568381	
316760.401441247	4158164.51840158	
316760.288799473	4158164.6208032	
316760.176157701	4158164.72320484	
316760.089773994	4158164.81392513	
316759.994310982	4158164.89374421	
316759.916271692	4158164.96207698	
316759.829643025	4158165.04170102	
316759.734180019	4158165.1215201	
316759.656385698	4158165.20094912	
316759.569512072	4158165.26947692	
316759.491227822	4158165.32671344	
316759.412943574	4158165.38394997	
316759.334659329	4158165.44118649	
316759.247540741	4158165.49861805	
316759.151342848	4158165.54514838	
316759.055389921	4158165.60277497	
316758.950602655	4158165.66059659	
316758.854649732	4158165.71822318	
316758.776120526	4158165.76436346	
316758.689001946	4158165.82179503	
316758.601883367	4158165.87922659	
316758.523354164	4158165.92536687	
316758.400898223	4158165.98357856	
316758.304700339	4158166.03010891	
316758.208747425	4158166.08773551	
316758.103715203	4158166.13446089	
316758.00776229	4158166.19208749	
316757.90273007	4158166.23881287	
316757.806777161	4158166.29643948	
